0.000000	0.249819	0.262595	0.258817	0.264151	0.252147	0.263044	0.260917	0.251583	0.261759	0.251216	0.256803	0.257535	0.250046	0.253110	0.250798	0.263804	0.257210	0.259968	0.263952	0.265273	0.258350	0.255433	0.262958	0.260281	0.257354	0.261206	0.260173	0.258797	0.254185	0.259059	0.256942	0.265299	0.258717	0.261905	0.265177	0.259553	0.263196	0.251940	0.260823	0.257344	0.257786	0.247335	0.250497	0.266053	0.258832	0.252096	0.259635	0.261061	0.256937	0.251845	0.255994	0.257102	0.262694	0.263814	0.261561	0.260697	0.263063	0.259560	0.264445	0.264062	0.261913	0.260713	0.260108	0.252252	0.260933	0.246343	0.258350	0.251263	0.253793	0.259219	0.258785	0.251258	0.271874	0.247154	0.260262	0.255373	0.255089	0.256715	0.257349	0.269272	0.259773	0.251628	0.256360	0.258472	0.254240	0.254552	0.260281	0.255440	0.265167	0.254421	0.251354	0.261613	0.258350	0.258838	0.259186	0.258431	0.261222	0.260681	0.262003	0.261952	0.264610	0.256993	0.256392	0.251171	0.255617	0.250810	0.263329	0.264335	0.252207	0.264229	0.260533	0.250675	0.265642	
0.249819	0.000000	0.264551	0.249478	0.263502	0.254389	0.264281	0.262659	0.256341	0.252154	0.250676	0.250142	0.249955	0.246191	0.260281	0.249483	0.261694	0.255730	0.267786	0.262737	0.263082	0.267667	0.256547	0.262652	0.261655	0.255780	0.262978	0.257035	0.260440	0.246711	0.264706	0.261686	0.261660	0.249503	0.256410	0.267364	0.259567	0.258508	0.255061	0.262455	0.268038	0.254959	0.254384	0.253977	0.257127	0.261630	0.253693	0.254167	0.260606	0.260964	0.254100	0.256406	0.261879	0.263784	0.266932	0.259045	0.265269	0.261858	0.259614	0.263091	0.260728	0.260217	0.263205	0.258362	0.259019	0.258425	0.258362	0.260940	0.253788	0.255242	0.258368	0.264658	0.258186	0.263776	0.259045	0.254681	0.254559	0.261269	0.254470	0.257535	0.264923	0.250722	0.253666	0.264273	0.261866	0.261875	0.251217	0.263861	0.259564	0.266703	0.256373	0.260304	0.258698	0.254831	0.259707	0.256586	0.259072	0.264202	0.267948	0.266787	0.259440	0.259982	0.253117	0.253199	0.261403	0.260392	0.255814	0.267761	0.255906	0.259960	0.257989	0.261536	0.255089	0.262376	
0.262595	0.264551	0.000000	0.249144	0.272528	0.256330	0.262557	0.263851	0.262536	0.260177	0.257866	0.257685	0.263187	0.252254	0.264120	0.258959	0.254664	0.268841	0.259286	0.259631	0.264748	0.273123	0.261658	0.257278	0.268806	0.258246	0.259353	0.252805	0.257485	0.257505	0.260090	0.265350	0.266546	0.265554	0.266763	0.273896	0.261728	0.269971	0.260199	0.257743	0.263615	0.257143	0.264295	0.257345	0.264168	0.258549	0.258188	0.253224	0.266446	0.260681	0.252215	0.264397	0.258537	0.261349	0.270305	0.263521	0.277838	0.274570	0.263310	0.262182	0.266400	0.254802	0.258677	0.264818	0.259226	0.264317	0.261555	0.265554	0.258877	0.259112	0.260893	0.258053	0.262949	0.270569	0.262613	0.266472	0.256894	0.269620	0.258877	0.266981	0.260720	0.257422	0.262316	0.262201	0.267391	0.267259	0.260413	0.259790	0.257940	0.266908	0.263053	0.256122	0.264158	0.257883	0.266316	0.265749	0.265350	0.268876	0.263263	0.263415	0.268165	0.258339	0.260609	0.254973	0.263348	0.258577	0.265365	0.275244	0.262538	0.262568	0.268332	0.268222	0.261703	0.257542	
0.258817	0.249478	0.249144	0.000000	0.261591	0.249952	0.253794	0.266118	0.256269	0.257137	0.255058	0.249309	0.257343	0.254902	0.255440	0.250738	0.262929	0.261932	0.259856	0.267138	0.263108	0.254456	0.261223	0.254092	0.253222	0.257202	0.254109	0.248203	0.250487	0.245840	0.257955	0.247868	0.266163	0.253275	0.257154	0.256910	0.253932	0.257550	0.252039	0.262590	0.270680	0.256241	0.254224	0.250142	0.243750	0.251656	0.252247	0.255372	0.252407	0.252508	0.257753	0.259947	0.260582	0.258790	0.275882	0.260531	0.264566	0.271661	0.250000	0.261176	0.266008	0.254366	0.258083	0.257587	0.258327	0.252302	0.247677	0.260622	0.257386	0.248624	0.260011	0.254070	0.257267	0.264645	0.264097	0.258920	0.251897	0.260220	0.257100	0.261792	0.259701	0.253030	0.253326	0.254802	0.263487	0.252654	0.257814	0.254077	0.265502	0.261059	0.257495	0.261092	0.254965	0.250569	0.254828	0.253836	0.254263	0.259322	0.260167	0.257083	0.259561	0.259947	0.250569	0.247259	0.258040	0.260336	0.251277	0.253596	0.257955	0.250047	0.261932	0.270562	0.261527	0.262267	
0.264151	0.263502	0.272528	0.261591	0.000000	0.257542	0.272612	0.264334	0.256462	0.259673	0.270750	0.264460	0.268023	0.267847	0.264925	0.258034	0.266147	0.259757	0.261304	0.270864	0.272084	0.264984	0.269088	0.260346	0.256350	0.274246	0.264045	0.270667	0.264292	0.264226	0.267912	0.265965	0.270916	0.260727	0.268966	0.271985	0.267501	0.266557	0.264086	0.274855	0.266957	0.257837	0.259542	0.268133	0.270054	0.268540	0.271242	0.261788	0.271434	0.270123	0.261775	0.265384	0.262081	0.265399	0.268798	0.266133	0.269538	0.282372	0.257034	0.273191	0.264749	0.266485	0.262185	0.268519	0.259743	0.260317	0.257449	0.269902	0.257215	0.257402	0.263694	0.265239	0.263158	0.265565	0.269091	0.260417	0.259677	0.268889	0.264332	0.259441	0.267948	0.262557	0.265198	0.267761	0.270005	0.263339	0.259159	0.270682	0.276521	0.268527	0.262039	0.270118	0.262138	0.261304	0.265517	0.264962	0.258392	0.265602	0.273025	0.271855	0.262441	0.265421	0.260174	0.262872	0.261145	0.262749	0.263730	0.274243	0.273848	0.268806	0.268165	0.270207	0.264988	0.270166	
0.252147	0.254389	0.256330	0.249952	0.257542	0.000000	0.256077	0.250876	0.246061	0.257021	0.258753	0.258842	0.256171	0.254316	0.258529	0.250712	0.251416	0.253012	0.247901	0.265280	0.255016	0.257634	0.253450	0.252798	0.259185	0.266362	0.253418	0.259529	0.260354	0.259570	0.255835	0.261735	0.261068	0.258778	0.269491	0.256434	0.255249	0.261037	0.248354	0.270685	0.259307	0.246947	0.253753	0.256448	0.253197	0.258253	0.252399	0.252289	0.261653	0.260679	0.249499	0.256115	0.262612	0.261805	0.258041	0.262628	0.255576	0.269940	0.259956	0.257426	0.260216	0.251920	0.254877	0.252285	0.254698	0.256201	0.254157	0.256307	0.250867	0.253063	0.256589	0.253102	0.259778	0.270053	0.249039	0.257222	0.257044	0.255835	0.264196	0.257717	0.259347	0.254243	0.257237	0.257988	0.258447	0.262879	0.247080	0.250914	0.257402	0.252733	0.257451	0.254116	0.253740	0.263889	0.259543	0.251688	0.252785	0.263225	0.261595	0.260561	0.252924	0.264889	0.252651	0.250775	0.255971	0.250000	0.255242	0.262313	0.255933	0.253465	0.260091	0.266958	0.253644	0.251296	
0.263044	0.264281	0.262557	0.253794	0.272612	0.256077	0.000000	0.258693	0.255881	0.265544	0.268995	0.262103	0.259874	0.260040	0.259647	0.256295	0.260509	0.271333	0.269578	0.266970	0.261536	0.269953	0.266949	0.265724	0.268689	0.266474	0.265718	0.264372	0.263423	0.260040	0.266450	0.264839	0.265934	0.263015	0.270348	0.267484	0.263576	0.272481	0.260697	0.271874	0.263253	0.258652	0.265642	0.256725	0.268592	0.263831	0.265366	0.261719	0.265111	0.255898	0.254591	0.265512	0.262419	0.261802	0.272251	0.263196	0.264185	0.276396	0.262768	0.266293	0.262482	0.265317	0.260901	0.267835	0.266318	0.265788	0.261561	0.275538	0.268315	0.258630	0.266233	0.264971	0.267530	0.268641	0.268452	0.267224	0.258583	0.271269	0.262541	0.267773	0.264287	0.270368	0.256243	0.271521	0.272858	0.267329	0.265284	0.266017	0.258406	0.270450	0.268244	0.268654	0.270631	0.265932	0.266197	0.266138	0.265199	0.267039	0.268381	0.269930	0.270856	0.269578	0.257540	0.259820	0.265008	0.264748	0.263376	0.268829	0.269612	0.267519	0.264382	0.264589	0.265119	0.264884	
0.260917	0.262659	0.263851	0.266118	0.264334	0.250876	0.258693	0.000000	0.254194	0.257088	0.257854	0.264504	0.261020	0.257623	0.266182	0.256921	0.252637	0.261368	0.256956	0.268123	0.261130	0.271684	0.260223	0.253380	0.257918	0.266934	0.267708	0.261043	0.256295	0.262078	0.268594	0.261961	0.267659	0.259705	0.267334	0.264957	0.257143	0.252372	0.260656	0.264010	0.267685	0.257267	0.256289	0.265440	0.260055	0.260909	0.255335	0.260584	0.265457	0.257132	0.253723	0.258182	0.267779	0.266303	0.262918	0.253372	0.261796	0.267442	0.257959	0.268760	0.261314	0.258976	0.256266	0.263196	0.265176	0.268734	0.261289	0.267408	0.260364	0.252779	0.269147	0.260822	0.257977	0.265113	0.254605	0.254629	0.251002	0.261723	0.263416	0.269931	0.263904	0.260276	0.258577	0.265738	0.263598	0.263866	0.268510	0.262420	0.250369	0.266292	0.263896	0.255284	0.256992	0.263704	0.252913	0.255911	0.269818	0.263684	0.261774	0.264284	0.264738	0.253729	0.256331	0.259212	0.257994	0.261019	0.247367	0.267854	0.268825	0.256722	0.260047	0.266897	0.258621	0.263625	
0.251583	0.256341	0.262536	0.256269	0.256462	0.246061	0.255881	0.254194	0.000000	0.256793	0.255461	0.248720	0.253121	0.243705	0.255734	0.252964	0.263691	0.250542	0.252575	0.259388	0.251626	0.257557	0.251522	0.257127	0.255696	0.254888	0.256993	0.255822	0.251729	0.253791	0.251220	0.259360	0.255776	0.251675	0.260940	0.258175	0.249548	0.253761	0.248280	0.261483	0.253297	0.253567	0.254845	0.247329	0.255965	0.247065	0.248173	0.258749	0.259437	0.249594	0.252482	0.243629	0.258972	0.256720	0.260358	0.253937	0.253167	0.270495	0.257184	0.253358	0.253536	0.256745	0.252753	0.256243	0.253158	0.254816	0.253891	0.262310	0.247831	0.258240	0.249638	0.252304	0.252432	0.267944	0.256610	0.252869	0.250995	0.251038	0.254973	0.258770	0.261380	0.249593	0.249728	0.258494	0.267438	0.254296	0.248373	0.257324	0.263418	0.253971	0.255886	0.257603	0.251354	0.261491	0.254430	0.263377	0.257184	0.254246	0.257713	0.262351	0.252125	0.253345	0.259186	0.249684	0.257318	0.249685	0.255323	0.268786	0.252757	0.244677	0.254969	0.253699	0.256947	0.256010	
0.261759	0.252154	0.260177	0.257137	0.259673	0.257021	0.265544	0.257088	0.256793	0.000000	0.256440	0.258058	0.259330	0.255394	0.263178	0.256819	0.268260	0.261991	0.253871	0.260015	0.262646	0.264165	0.252867	0.252012	0.263289	0.260421	0.259401	0.259358	0.253652	0.263168	0.263470	0.254921	0.262827	0.253780	0.265443	0.263701	0.254011	0.254737	0.248805	0.263098	0.255685	0.254341	0.244453	0.250143	0.265544	0.252624	0.266126	0.254451	0.257048	0.256543	0.254861	0.256400	0.261995	0.261019	0.260612	0.252394	0.271092	0.264453	0.253871	0.269437	0.267139	0.256984	0.259344	0.264346	0.262927	0.261249	0.251818	0.253686	0.262373	0.263541	0.260861	0.261509	0.260563	0.268605	0.261686	0.252022	0.249713	0.263459	0.259790	0.263329	0.268423	0.262223	0.260311	0.259498	0.260080	0.260379	0.255641	0.250717	0.259891	0.260107	0.255876	0.261618	0.258877	0.252772	0.258021	0.261741	0.258403	0.254629	0.267919	0.268586	0.253826	0.252392	0.247894	0.255344	0.261600	0.262667	0.254150	0.267329	0.258983	0.261069	0.256023	0.264594	0.264072	0.262556	
0.251216	0.250676	0.257866	0.255058	0.270750	0.258753	0.268995	0.257854	0.255461	0.256440	0.000000	0.253064	0.248650	0.257823	0.261057	0.262704	0.259852	0.257827	0.260525	0.266509	0.257775	0.262836	0.262916	0.261341	0.262059	0.257431	0.256327	0.260331	0.244845	0.254895	0.264124	0.252969	0.259691	0.254283	0.261699	0.261237	0.255893	0.259293	0.258919	0.271894	0.259939	0.249775	0.255093	0.253379	0.257153	0.258001	0.255547	0.258350	0.255541	0.261331	0.255526	0.258546	0.258887	0.259386	0.273284	0.260007	0.269092	0.267613	0.255668	0.267257	0.263947	0.257704	0.262572	0.255089	0.257189	0.262005	0.256082	0.258024	0.258279	0.257297	0.254778	0.261918	0.261610	0.266475	0.262532	0.255034	0.252207	0.267973	0.258279	0.258906	0.261956	0.254271	0.265619	0.262970	0.266643	0.262466	0.257374	0.255760	0.257294	0.273348	0.252522	0.269224	0.255931	0.253422	0.259226	0.261918	0.259133	0.262316	0.259119	0.266822	0.255446	0.258407	0.260306	0.259026	0.263035	0.255651	0.254310	0.269818	0.261644	0.263347	0.269521	0.266164	0.262071	0.259773	
0.256803	0.250142	0.257685	0.249309	0.264460	0.258842	0.262103	0.264504	0.248720	0.258058	0.253064	0.000000	0.253071	0.250191	0.263218	0.260537	0.265634	0.259966	0.257272	0.267630	0.262134	0.253779	0.260551	0.259301	0.256047	0.251229	0.261927	0.257687	0.248547	0.257827	0.261083	0.255669	0.259525	0.259273	0.265356	0.260377	0.260960	0.259091	0.254067	0.258832	0.266767	0.246935	0.253121	0.260261	0.250944	0.261658	0.250811	0.256634	0.264571	0.260853	0.253301	0.256803	0.252826	0.260706	0.263994	0.269631	0.258223	0.263635	0.257796	0.265655	0.252985	0.261445	0.259902	0.262152	0.251839	0.263470	0.252080	0.264333	0.259588	0.250331	0.257668	0.260574	0.253481	0.270873	0.263487	0.257801	0.252223	0.266226	0.257985	0.261905	0.259623	0.259203	0.256682	0.259016	0.258266	0.260352	0.262453	0.257035	0.256607	0.257870	0.260401	0.261824	0.256744	0.268620	0.260015	0.267271	0.255858	0.264162	0.266300	0.268086	0.250897	0.257699	0.252128	0.255139	0.252548	0.260354	0.256367	0.258344	0.265206	0.257261	0.253160	0.257159	0.250518	0.251151	
0.257535	0.249955	0.263187	0.257343	0.268023	0.256171	0.259874	0.261020	0.253121	0.259330	0.248650	0.253071	0.000000	0.266373	0.247926	0.255539	0.252212	0.265560	0.259246	0.272083	0.256489	0.263681	0.258891	0.260105	0.266474	0.266606	0.256844	0.264134	0.256377	0.257292	0.260501	0.261050	0.262286	0.253885	0.260101	0.270465	0.257890	0.252397	0.249007	0.267052	0.255315	0.252161	0.251129	0.269807	0.252030	0.253920	0.254194	0.262805	0.269005	0.256443	0.257879	0.255231	0.262192	0.265622	0.258891	0.263738	0.260430	0.266318	0.259159	0.260185	0.265472	0.259761	0.252927	0.258035	0.258111	0.254665	0.258175	0.263196	0.259380	0.251038	0.263339	0.259059	0.250225	0.267773	0.257639	0.259542	0.255373	0.264637	0.260014	0.268266	0.262295	0.245225	0.256197	0.263809	0.259740	0.269265	0.255005	0.256993	0.261021	0.266343	0.254198	0.261647	0.261261	0.262008	0.259968	0.260368	0.260917	0.263613	0.264349	0.257914	0.255503	0.260289	0.255600	0.256438	0.260407	0.256115	0.254008	0.271794	0.261991	0.255403	0.267136	0.269355	0.253511	0.262821	
0.250046	0.246191	0.252254	0.254902	0.267847	0.254316	0.260040	0.257623	0.243705	0.255394	0.257823	0.250191	0.266373	0.000000	0.268717	0.245764	0.262001	0.258472	0.260949	0.267775	0.257509	0.263158	0.255431	0.256160	0.260949	0.253575	0.261291	0.260432	0.251557	0.252560	0.267631	0.256048	0.263716	0.258443	0.261547	0.261530	0.252015	0.265392	0.251009	0.264016	0.259151	0.252882	0.257893	0.259721	0.257279	0.265739	0.261288	0.253951	0.257920	0.251648	0.262301	0.254122	0.262840	0.263899	0.267192	0.264549	0.262472	0.259517	0.262097	0.262741	0.257437	0.252890	0.255852	0.251651	0.258100	0.253848	0.260862	0.256702	0.252610	0.260638	0.256382	0.255035	0.245528	0.266312	0.257159	0.252908	0.253074	0.262166	0.259158	0.265531	0.266057	0.256960	0.252021	0.261835	0.255222	0.261730	0.256960	0.252659	0.260393	0.254572	0.255827	0.257248	0.259056	0.261180	0.259531	0.259795	0.263418	0.263274	0.266691	0.262331	0.262049	0.258662	0.259443	0.251235	0.248627	0.250046	0.253385	0.261395	0.261451	0.258737	0.257326	0.260933	0.255393	0.253443	
0.253110	0.260281	0.264120	0.255440	0.264925	0.258529	0.259647	0.266182	0.255734	0.263178	0.261057	0.263218	0.247926	0.268717	0.000000	0.247043	0.265633	0.260400	0.254369	0.270432	0.264891	0.270056	0.261454	0.263110	0.262390	0.263386	0.257282	0.254814	0.267299	0.252427	0.262428	0.255135	0.264965	0.260603	0.262475	0.272678	0.259813	0.260477	0.263034	0.261879	0.262410	0.258860	0.251986	0.259065	0.263376	0.260205	0.260925	0.263691	0.262424	0.263186	0.244968	0.258819	0.261229	0.261370	0.262437	0.260375	0.263120	0.267051	0.267027	0.259494	0.271101	0.257669	0.265780	0.262124	0.261785	0.263937	0.253336	0.259012	0.258872	0.252706	0.262322	0.255940	0.258973	0.266078	0.261191	0.254720	0.253110	0.265335	0.263954	0.264144	0.264579	0.251216	0.267931	0.271001	0.263281	0.264229	0.267111	0.255093	0.266521	0.267266	0.259152	0.259019	0.263272	0.266042	0.255227	0.262514	0.264769	0.261472	0.265823	0.265398	0.258472	0.257431	0.256849	0.255082	0.261292	0.264547	0.258540	0.274069	0.263821	0.265156	0.259906	0.264473	0.263839	0.255805	
0.250798	0.249483	0.258959	0.250738	0.258034	0.250712	0.256295	0.256921	0.252964	0.256819	0.262704	0.260537	0.255539	0.245764	0.247043	0.000000	0.256526	0.256290	0.257792	0.252412	0.255068	0.256159	0.255658	0.252259	0.256295	0.261041	0.258579	0.249343	0.245997	0.244515	0.253703	0.248733	0.263967	0.250846	0.262209	0.264017	0.260559	0.258289	0.253148	0.259677	0.255115	0.255722	0.258598	0.258131	0.259162	0.254221	0.248768	0.248776	0.254337	0.249437	0.250891	0.259906	0.262872	0.258288	0.259391	0.255271	0.258362	0.271892	0.261417	0.257487	0.254799	0.247176	0.252014	0.251081	0.258857	0.246867	0.254511	0.257519	0.258349	0.258981	0.253995	0.250375	0.254069	0.259391	0.254135	0.252273	0.249577	0.264816	0.248075	0.254600	0.259940	0.258397	0.258101	0.257468	0.258592	0.259343	0.242396	0.253333	0.264471	0.261530	0.261941	0.246568	0.256098	0.253431	0.251926	0.257459	0.259482	0.265440	0.257207	0.259925	0.254651	0.260241	0.250282	0.254266	0.249249	0.253933	0.253001	0.258204	0.258870	0.257641	0.260379	0.263168	0.258621	0.258850	
0.263804	0.261694	0.254664	0.262929	0.266147	0.251416	0.260509	0.252637	0.263691	0.268260	0.259852	0.265634	0.252212	0.262001	0.265633	0.256526	0.000000	0.260541	0.255499	0.266315	0.258872	0.268724	0.258611	0.261719	0.262674	0.265693	0.267051	0.261347	0.259273	0.254725	0.258605	0.260956	0.260345	0.263728	0.256901	0.263764	0.265008	0.262929	0.260336	0.270416	0.265718	0.258012	0.257540	0.262996	0.259874	0.257559	0.254645	0.256285	0.267438	0.264362	0.258459	0.266174	0.257014	0.265923	0.269168	0.261372	0.261325	0.269438	0.259286	0.257288	0.258583	0.255054	0.259899	0.258123	0.251666	0.267435	0.263756	0.262692	0.252658	0.260202	0.255692	0.260987	0.261900	0.272547	0.263776	0.257221	0.249594	0.266258	0.252975	0.263926	0.258692	0.258425	0.252035	0.261205	0.264239	0.257663	0.256983	0.255415	0.260870	0.256392	0.260838	0.255143	0.251261	0.257849	0.257127	0.260995	0.258065	0.264324	0.264929	0.261776	0.257803	0.261441	0.263899	0.262239	0.259993	0.254402	0.252880	0.273644	0.268385	0.264457	0.265321	0.271385	0.261331	0.256542	
0.257210	0.255730	0.268841	0.261932	0.259757	0.253012	0.271333	0.261368	0.250542	0.261991	0.257827	0.259966	0.265560	0.258472	0.260400	0.256290	0.260541	0.000000	0.254326	0.266800	0.265982	0.260556	0.255515	0.262672	0.264335	0.267352	0.259219	0.266607	0.254515	0.258546	0.256844	0.256577	0.262277	0.261913	0.265453	0.266343	0.270270	0.270280	0.263671	0.274513	0.261707	0.255981	0.260069	0.262721	0.262390	0.269716	0.257736	0.258992	0.264636	0.257565	0.259173	0.258285	0.261190	0.262504	0.266871	0.262322	0.257081	0.267507	0.262437	0.264206	0.263063	0.256993	0.260619	0.263804	0.263774	0.265093	0.264563	0.261780	0.255902	0.257529	0.267016	0.257972	0.260190	0.272170	0.263766	0.256489	0.252121	0.267195	0.264012	0.265321	0.267015	0.257431	0.260893	0.267156	0.266535	0.260454	0.257251	0.262304	0.266216	0.266954	0.264308	0.263262	0.261206	0.261317	0.267893	0.261167	0.254100	0.264950	0.264520	0.271927	0.261527	0.265729	0.255684	0.260572	0.263186	0.263290	0.260259	0.264579	0.269681	0.264579	0.273726	0.266679	0.258001	0.257179	
0.259968	0.267786	0.259286	0.259856	0.261304	0.247901	0.269578	0.256956	0.252575	0.253871	0.260525	0.257272	0.259246	0.260949	0.254369	0.257792	0.255499	0.254326	0.000000	0.268315	0.270582	0.261097	0.255292	0.260004	0.259112	0.263718	0.254994	0.261300	0.261825	0.257919	0.259640	0.256988	0.259039	0.261019	0.255365	0.262741	0.262124	0.259447	0.259072	0.260321	0.261214	0.256438	0.252394	0.259614	0.255726	0.264182	0.255924	0.259045	0.268172	0.252476	0.256387	0.254775	0.258094	0.257426	0.263899	0.259754	0.263034	0.272154	0.260548	0.260995	0.259721	0.257401	0.250270	0.259025	0.261253	0.252377	0.257261	0.261191	0.259233	0.256137	0.260791	0.261308	0.264368	0.260642	0.256818	0.251771	0.254109	0.260400	0.260501	0.262038	0.254545	0.255269	0.255473	0.257573	0.266631	0.264743	0.262351	0.259065	0.258955	0.264399	0.257808	0.256632	0.257338	0.257395	0.257395	0.262209	0.257344	0.258559	0.263482	0.267302	0.262266	0.264743	0.249639	0.257287	0.256752	0.255931	0.256927	0.257879	0.258472	0.256978	0.262665	0.266247	0.263177	0.261992	
0.263952	0.262737	0.259631	0.267138	0.270864	0.265280	0.266970	0.268123	0.259388	0.260015	0.266509	0.267630	0.272083	0.267775	0.270432	0.252412	0.266315	0.266800	0.268315	0.000000	0.263167	0.264690	0.262621	0.263562	0.263225	0.268328	0.266147	0.261382	0.267542	0.264743	0.267539	0.262909	0.264781	0.257465	0.266594	0.275154	0.266122	0.263081	0.263014	0.266267	0.279695	0.257942	0.269945	0.260830	0.270398	0.270251	0.272076	0.268635	0.270105	0.267296	0.270550	0.274214	0.257796	0.261067	0.266921	0.266424	0.272314	0.268023	0.263904	0.270354	0.266910	0.267237	0.270913	0.257049	0.271605	0.265585	0.260364	0.267201	0.257496	0.259731	0.261519	0.264668	0.268019	0.265492	0.261384	0.258277	0.259643	0.266425	0.266945	0.270663	0.271737	0.261533	0.266132	0.260296	0.266364	0.275059	0.262852	0.269007	0.270066	0.270319	0.271338	0.259185	0.267925	0.266230	0.269720	0.261580	0.263531	0.262890	0.262131	0.267789	0.271257	0.261368	0.262918	0.255666	0.266292	0.257293	0.266691	0.268554	0.264401	0.256718	0.260814	0.280581	0.267864	0.265965	
0.265273	0.263082	0.264748	0.263108	0.272084	0.255016	0.261536	0.261130	0.251626	0.262646	0.257775	0.262134	0.256489	0.257509	0.264891	0.255068	0.258872	0.265982	0.270582	0.263167	0.000000	0.265056	0.263381	0.260767	0.265273	0.264960	0.266319	0.260705	0.254931	0.260612	0.261888	0.264997	0.268608	0.264079	0.269778	0.262333	0.250766	0.268738	0.258658	0.268961	0.261339	0.253552	0.260563	0.264117	0.260494	0.260259	0.263694	0.266799	0.271043	0.259719	0.256968	0.269813	0.263026	0.258227	0.269383	0.260061	0.258338	0.279187	0.257251	0.258724	0.266305	0.266462	0.257600	0.269793	0.268753	0.261378	0.259600	0.264345	0.264817	0.267364	0.264308	0.265119	0.261977	0.268060	0.257989	0.268421	0.253879	0.263764	0.261034	0.269141	0.263944	0.259852	0.261388	0.264148	0.266523	0.264324	0.259679	0.269154	0.265146	0.266091	0.255273	0.261772	0.256973	0.265369	0.263699	0.263859	0.259546	0.263954	0.263377	0.267289	0.262124	0.269141	0.260775	0.264748	0.263546	0.258395	0.260612	0.264939	0.267015	0.262684	0.268372	0.266631	0.262127	0.259517	
0.258350	0.267667	0.273123	0.254456	0.264984	0.257634	0.269953	0.271684	0.257557	0.264165	0.262836	0.253779	0.263681	0.263158	0.270056	0.256159	0.268724	0.260556	0.261097	0.264690	0.265056	0.000000	0.259034	0.255709	0.256364	0.258577	0.270387	0.266174	0.264443	0.257838	0.269890	0.264669	0.265754	0.261892	0.261733	0.267352	0.261638	0.267825	0.263957	0.270480	0.265008	0.257524	0.259581	0.257318	0.260469	0.265501	0.255106	0.262034	0.262123	0.257843	0.260133	0.259426	0.264219	0.257385	0.271725	0.260437	0.262378	0.266727	0.257581	0.263043	0.262081	0.266618	0.255269	0.265089	0.259106	0.257232	0.257360	0.256554	0.256813	0.259038	0.260665	0.263889	0.250449	0.262550	0.261703	0.251273	0.259935	0.269695	0.260469	0.265608	0.263025	0.254824	0.255789	0.264263	0.268170	0.271036	0.264239	0.258530	0.269899	0.270942	0.258356	0.255827	0.263110	0.271514	0.262180	0.266005	0.261505	0.259286	0.263396	0.262457	0.252616	0.263994	0.262778	0.264277	0.251352	0.259579	0.257838	0.263338	0.261763	0.260094	0.261230	0.268600	0.265262	0.256871	
0.255433	0.256547	0.261658	0.261223	0.269088	0.253450	0.266949	0.260223	0.251522	0.252867	0.262916	0.260551	0.258891	0.255431	0.261454	0.255658	0.258611	0.255515	0.255292	0.262621	0.263381	0.259034	0.000000	0.262341	0.259437	0.263080	0.256980	0.265588	0.260365	0.252067	0.262102	0.255064	0.263139	0.263226	0.270216	0.264581	0.265513	0.251200	0.250323	0.263672	0.264165	0.251471	0.254935	0.256590	0.263206	0.258878	0.259673	0.251799	0.261016	0.249080	0.249678	0.250138	0.258586	0.257673	0.266261	0.263605	0.266998	0.265404	0.259109	0.261584	0.258952	0.265031	0.257952	0.261751	0.270101	0.264190	0.250737	0.261760	0.261510	0.256264	0.263605	0.262102	0.250092	0.258557	0.255810	0.251850	0.254656	0.261125	0.254602	0.265746	0.265723	0.251702	0.255355	0.256636	0.268445	0.266347	0.263168	0.261374	0.259425	0.271090	0.258713	0.258570	0.256660	0.252441	0.255158	0.260758	0.262006	0.262548	0.265657	0.260870	0.258421	0.266163	0.251014	0.254412	0.254091	0.259076	0.257169	0.259831	0.264814	0.263468	0.259893	0.256891	0.254636	0.249299	
0.262958	0.262652	0.257278	0.254092	0.260346	0.252798	0.265724	0.253380	0.257127	0.252012	0.261341	0.259301	0.260105	0.256160	0.263110	0.252259	0.261719	0.262672	0.260004	0.263562	0.260767	0.255709	0.262341	0.000000	0.256206	0.258555	0.262159	0.259768	0.254256	0.254743	0.259776	0.255389	0.263595	0.256987	0.262767	0.263700	0.263072	0.258445	0.254714	0.263129	0.259635	0.253934	0.255527	0.264007	0.262996	0.258409	0.258785	0.259622	0.263410	0.254976	0.255692	0.258998	0.257849	0.259808	0.267948	0.259206	0.262690	0.265738	0.262090	0.269789	0.265710	0.257122	0.251808	0.254987	0.255108	0.256839	0.260696	0.267235	0.258146	0.255346	0.262155	0.265690	0.254644	0.259058	0.263645	0.249225	0.247688	0.270524	0.261043	0.255342	0.268584	0.251493	0.254268	0.268815	0.263577	0.272283	0.260594	0.252128	0.265100	0.256503	0.259159	0.253899	0.257726	0.260413	0.262500	0.259729	0.260547	0.263339	0.257859	0.258397	0.258971	0.249864	0.257480	0.257050	0.253029	0.261144	0.253029	0.257148	0.267065	0.258636	0.260995	0.269752	0.264679	0.257484	
0.260281	0.261655	0.268806	0.253222	0.256350	0.259185	0.268689	0.257918	0.255696	0.263289	0.262059	0.256047	0.266474	0.260949	0.262390	0.256295	0.262674	0.264335	0.259112	0.263225	0.265273	0.256364	0.259437	0.256206	0.000000	0.268231	0.263859	0.256212	0.263648	0.261253	0.271186	0.256040	0.259586	0.253208	0.265152	0.268143	0.264600	0.250136	0.252618	0.265188	0.263699	0.253016	0.267354	0.254877	0.264923	0.257931	0.259974	0.261129	0.272126	0.257477	0.256120	0.254686	0.260971	0.259493	0.269182	0.260838	0.253069	0.261128	0.262218	0.260995	0.261168	0.258537	0.255492	0.262408	0.261347	0.260893	0.257220	0.258845	0.257622	0.253206	0.258543	0.263291	0.258986	0.260375	0.256864	0.247910	0.255822	0.261973	0.255634	0.269710	0.258966	0.254369	0.256647	0.262327	0.261858	0.270119	0.260995	0.261991	0.260790	0.266871	0.263367	0.256095	0.256078	0.264488	0.251669	0.258158	0.261991	0.264913	0.258824	0.269279	0.260603	0.260108	0.260689	0.252431	0.255902	0.262183	0.255403	0.268600	0.262845	0.260541	0.257483	0.267963	0.265875	0.253573	
0.257354	0.255780	0.258246	0.257202	0.274246	0.266362	0.266474	0.266934	0.254888	0.260421	0.257431	0.251229	0.266606	0.253575	0.263386	0.261041	0.265693	0.267352	0.263718	0.268328	0.264960	0.258577	0.263080	0.258555	0.268231	0.000000	0.259319	0.260000	0.253915	0.261018	0.268759	0.260148	0.261707	0.260752	0.268398	0.271220	0.259921	0.262710	0.264270	0.267136	0.272219	0.255403	0.258992	0.264764	0.261724	0.262845	0.270723	0.263348	0.263960	0.255453	0.259906	0.261583	0.263044	0.262475	0.263909	0.264318	0.270314	0.279099	0.259567	0.265532	0.263434	0.261883	0.263499	0.270461	0.265910	0.258832	0.260516	0.266269	0.259780	0.261427	0.263244	0.255948	0.256337	0.269724	0.259628	0.257273	0.258035	0.269057	0.261278	0.266919	0.264144	0.258338	0.266860	0.262827	0.265428	0.262588	0.258745	0.259386	0.267240	0.253377	0.257406	0.265667	0.269141	0.263585	0.261780	0.266991	0.255634	0.264960	0.267560	0.270061	0.264127	0.259881	0.260069	0.260126	0.262750	0.257374	0.258419	0.269106	0.266679	0.270139	0.266366	0.260494	0.263716	0.267864	
0.261206	0.262978	0.259353	0.254109	0.264045	0.253418	0.265718	0.267708	0.256993	0.259401	0.256327	0.261927	0.256844	0.261291	0.257282	0.258579	0.267051	0.259219	0.254994	0.266147	0.266319	0.270387	0.256980	0.262159	0.263859	0.259319	0.000000	0.263480	0.264449	0.263243	0.269473	0.254860	0.269576	0.265586	0.270158	0.265552	0.260885	0.259968	0.255043	0.263357	0.258094	0.253190	0.251442	0.256216	0.262912	0.263035	0.248455	0.257669	0.263052	0.254451	0.262080	0.261738	0.257538	0.258621	0.269584	0.261214	0.269404	0.269459	0.258633	0.266486	0.261866	0.259146	0.254895	0.256844	0.255078	0.257758	0.257385	0.263974	0.260032	0.257477	0.257297	0.262363	0.263130	0.258506	0.262845	0.267138	0.257477	0.270309	0.257061	0.264711	0.260018	0.265827	0.264440	0.256841	0.264484	0.258686	0.261425	0.249505	0.272346	0.265984	0.257972	0.259820	0.264331	0.256438	0.256207	0.263442	0.254542	0.272695	0.261741	0.263772	0.267674	0.262419	0.255043	0.258534	0.266583	0.263092	0.257179	0.266044	0.264748	0.254807	0.262723	0.264056	0.255476	0.260186	
0.260173	0.257035	0.252805	0.248203	0.270667	0.259529	0.264372	0.261043	0.255822	0.259358	0.260331	0.257687	0.264134	0.260432	0.254814	0.249343	0.261347	0.266607	0.261300	0.261382	0.260705	0.266174	0.265588	0.259768	0.256212	0.260000	0.263480	0.000000	0.259810	0.256470	0.270241	0.260400	0.273527	0.254644	0.267339	0.271583	0.264351	0.259025	0.255542	0.265251	0.265563	0.250629	0.258879	0.262523	0.253374	0.263129	0.255594	0.261741	0.268547	0.258453	0.260424	0.261699	0.265625	0.266715	0.270090	0.261497	0.277918	0.271223	0.266427	0.264594	0.264584	0.258518	0.267613	0.258692	0.263849	0.260735	0.251937	0.258571	0.258599	0.262712	0.258885	0.263404	0.262780	0.273366	0.263348	0.258345	0.257117	0.258853	0.258732	0.264494	0.255981	0.256655	0.262236	0.264495	0.260940	0.257699	0.260846	0.267063	0.259664	0.269182	0.259780	0.262390	0.263669	0.269861	0.266162	0.262496	0.255714	0.269653	0.265944	0.267540	0.265310	0.267519	0.252793	0.253595	0.267806	0.261619	0.264198	0.271763	0.263631	0.255755	0.261206	0.270309	0.266164	0.264889	
0.258797	0.260440	0.257485	0.250487	0.264292	0.260354	0.263423	0.256295	0.251729	0.253652	0.244845	0.248547	0.256377	0.251557	0.267299	0.245997	0.259273	0.254515	0.261825	0.267542	0.254931	0.264443	0.260365	0.254256	0.263648	0.253915	0.264449	0.259810	0.000000	0.249071	0.261120	0.257542	0.254414	0.256855	0.263736	0.264520	0.263589	0.256348	0.255966	0.267784	0.256238	0.247166	0.247528	0.259135	0.253815	0.257068	0.258465	0.248273	0.259406	0.246512	0.257345	0.258887	0.257106	0.255204	0.264914	0.257745	0.260845	0.265910	0.256382	0.256123	0.260788	0.251072	0.258178	0.253773	0.259769	0.259385	0.257728	0.260351	0.263403	0.262216	0.259142	0.261865	0.253803	0.259087	0.259004	0.255443	0.251817	0.268501	0.258569	0.259170	0.262277	0.255628	0.255653	0.263323	0.260797	0.263747	0.254650	0.260853	0.262215	0.260450	0.256104	0.264964	0.260554	0.259038	0.261834	0.266233	0.264010	0.267448	0.260049	0.259473	0.262619	0.255680	0.251211	0.254370	0.252884	0.264477	0.256091	0.250977	0.258701	0.255948	0.263354	0.264968	0.259892	0.258881	
0.254185	0.246711	0.257505	0.245840	0.264226	0.259570	0.260040	0.262078	0.253791	0.263168	0.254895	0.257827	0.257292	0.252560	0.252427	0.244515	0.254725	0.258546	0.257919	0.264743	0.260612	0.257838	0.252067	0.254743	0.261253	0.261018	0.263243	0.256470	0.249071	0.000000	0.262277	0.254500	0.257989	0.252930	0.257786	0.253281	0.254994	0.256993	0.258065	0.255801	0.257328	0.248158	0.251939	0.253782	0.260932	0.250315	0.255683	0.254194	0.263139	0.253058	0.251437	0.251123	0.254532	0.258754	0.264266	0.256896	0.264865	0.258134	0.258099	0.260705	0.259928	0.253694	0.260510	0.261386	0.257595	0.256480	0.256530	0.256535	0.253194	0.256443	0.251262	0.262590	0.259950	0.262646	0.250946	0.260925	0.248604	0.260651	0.257600	0.261605	0.258447	0.252921	0.249865	0.264175	0.256613	0.254680	0.255488	0.248109	0.258117	0.261135	0.256577	0.259640	0.251618	0.259319	0.261386	0.251439	0.256927	0.256562	0.261286	0.257717	0.249415	0.259273	0.258639	0.251213	0.258494	0.252781	0.259698	0.270309	0.259486	0.255751	0.265695	0.261268	0.247891	0.246665	
0.259059	0.264706	0.260090	0.257955	0.267912	0.255835	0.266450	0.268594	0.251220	0.263470	0.264124	0.261083	0.260501	0.267631	0.262428	0.253703	0.258605	0.256844	0.259640	0.267539	0.261888	0.269890	0.262102	0.259776	0.271186	0.268759	0.269473	0.270241	0.261120	0.262277	0.000000	0.262883	0.263669	0.262455	0.265549	0.260533	0.258018	0.261475	0.262901	0.265633	0.263954	0.259892	0.262322	0.260956	0.257390	0.263054	0.261060	0.255423	0.263746	0.258419	0.257914	0.267963	0.269770	0.258366	0.264069	0.274106	0.264297	0.276377	0.266270	0.272661	0.262654	0.252525	0.259626	0.264610	0.263186	0.257540	0.257349	0.261191	0.263784	0.263490	0.254198	0.257565	0.267456	0.274284	0.265752	0.258445	0.256947	0.263859	0.266895	0.257611	0.268587	0.261026	0.262387	0.273069	0.264409	0.259506	0.263556	0.267976	0.259178	0.272122	0.266595	0.261364	0.262372	0.260862	0.261222	0.264362	0.260674	0.265754	0.269537	0.269590	0.254732	0.265284	0.260375	0.256387	0.263366	0.259519	0.255488	0.271632	0.266390	0.262817	0.272023	0.271141	0.266679	0.260973	
0.256942	0.261686	0.265350	0.247868	0.265965	0.261735	0.264839	0.261961	0.259360	0.254921	0.252969	0.255669	0.261050	0.256048	0.255135	0.248733	0.260956	0.256577	0.256988	0.262909	0.264997	0.264669	0.255064	0.255389	0.256040	0.260148	0.254860	0.260400	0.257542	0.254500	0.262883	0.000000	0.266547	0.263357	0.264467	0.267471	0.260995	0.258409	0.260383	0.268482	0.265814	0.247345	0.252256	0.258437	0.264097	0.261034	0.265756	0.256916	0.266239	0.255089	0.257606	0.258832	0.258181	0.262599	0.263936	0.260838	0.267461	0.267147	0.260188	0.264434	0.268668	0.257267	0.262239	0.259787	0.260267	0.259605	0.246209	0.256952	0.251533	0.255281	0.257767	0.258018	0.271421	0.266366	0.259567	0.252316	0.260642	0.261480	0.261489	0.261622	0.268095	0.253379	0.256327	0.269582	0.268614	0.261497	0.261081	0.259380	0.265399	0.260126	0.250226	0.261050	0.260259	0.263120	0.259199	0.249234	0.259640	0.256932	0.269488	0.260565	0.263661	0.264923	0.254332	0.250405	0.255177	0.261729	0.264626	0.267867	0.266090	0.267423	0.265453	0.254860	0.257328	0.262493	
0.265299	0.261660	0.266546	0.266163	0.270916	0.261068	0.265934	0.267659	0.255776	0.262827	0.259691	0.259525	0.262286	0.263716	0.264965	0.263967	0.260345	0.262277	0.259039	0.264781	0.268608	0.265754	0.263139	0.263595	0.259586	0.261707	0.269576	0.273527	0.254414	0.257989	0.263669	0.266547	0.000000	0.266583	0.267687	0.268560	0.261785	0.266101	0.261167	0.268982	0.267302	0.258041	0.254909	0.265358	0.264965	0.261948	0.266727	0.264886	0.268668	0.262496	0.261930	0.265335	0.263498	0.264141	0.261840	0.264012	0.269584	0.287332	0.263224	0.269328	0.263034	0.261849	0.260331	0.267063	0.262581	0.261822	0.261386	0.261802	0.264171	0.265310	0.257704	0.264880	0.270886	0.267362	0.266174	0.260192	0.254411	0.272956	0.262723	0.266487	0.272286	0.264785	0.258344	0.271102	0.268933	0.268622	0.261464	0.260979	0.271965	0.270474	0.267207	0.263689	0.267241	0.270192	0.268670	0.262307	0.260924	0.266164	0.271988	0.270673	0.270027	0.264939	0.253828	0.257949	0.263829	0.266631	0.263876	0.274034	0.276879	0.260823	0.272040	0.269887	0.265302	0.258901	
0.258717	0.249503	0.265554	0.253275	0.260727	0.258778	0.263015	0.259705	0.251675	0.253780	0.254283	0.259273	0.253885	0.258443	0.260603	0.250846	0.263728	0.261913	0.261019	0.257465	0.264079	0.261892	0.263226	0.256987	0.253208	0.260752	0.265586	0.254644	0.256855	0.252930	0.262455	0.263357	0.266583	0.000000	0.262236	0.256632	0.253475	0.265484	0.253165	0.258891	0.272071	0.255139	0.249503	0.255200	0.257721	0.264563	0.255296	0.256652	0.267046	0.251353	0.248693	0.258210	0.254955	0.254686	0.264148	0.260893	0.256869	0.260728	0.258518	0.256936	0.257831	0.255335	0.264743	0.263776	0.262674	0.254352	0.259895	0.263386	0.261827	0.252803	0.258234	0.270988	0.252384	0.256415	0.253167	0.257965	0.251672	0.268759	0.255554	0.267606	0.257849	0.258303	0.256475	0.265936	0.263091	0.260972	0.263139	0.260846	0.268984	0.256535	0.253977	0.266365	0.261858	0.264956	0.256234	0.260195	0.259386	0.260368	0.262634	0.267111	0.253793	0.254877	0.244039	0.258565	0.250180	0.260619	0.255181	0.265464	0.256318	0.254736	0.268918	0.260995	0.255177	0.255818	
0.261905	0.256410	0.266763	0.257154	0.268966	0.269491	0.270348	0.267334	0.260940	0.265443	0.261699	0.265356	0.260101	0.261547	0.262475	0.262209	0.256901	0.265453	0.255365	0.266594	0.269778	0.261733	0.270216	0.262767	0.265152	0.268398	0.270158	0.267339	0.263736	0.257786	0.265549	0.264467	0.267687	0.262236	0.000000	0.264409	0.266535	0.269078	0.266438	0.268926	0.273284	0.248605	0.255015	0.257406	0.273170	0.267748	0.262573	0.266281	0.265100	0.256706	0.263309	0.260854	0.261198	0.268047	0.265873	0.271906	0.269495	0.271745	0.260642	0.273484	0.271346	0.268244	0.260353	0.256679	0.263509	0.264765	0.259025	0.267738	0.262218	0.259072	0.260932	0.263746	0.261362	0.278139	0.268293	0.261217	0.261238	0.265394	0.271629	0.269023	0.269009	0.262076	0.258000	0.268245	0.270694	0.267496	0.264372	0.260014	0.267093	0.269701	0.266835	0.268231	0.263148	0.262047	0.264467	0.268205	0.263699	0.260094	0.267970	0.268968	0.266053	0.268266	0.264079	0.261613	0.264362	0.264917	0.262059	0.265034	0.273301	0.262741	0.265766	0.266199	0.265515	0.270315	
0.265177	0.267364	0.273896	0.256910	0.271985	0.256434	0.267484	0.264957	0.258175	0.263701	0.261237	0.260377	0.270465	0.261530	0.272678	0.264017	0.263764	0.266343	0.262741	0.275154	0.262333	0.267352	0.264581	0.263700	0.268143	0.271220	0.265552	0.271583	0.264520	0.253281	0.260533	0.267471	0.268560	0.256632	0.264409	0.000000	0.274037	0.267112	0.268939	0.273398	0.268407	0.254317	0.262807	0.255726	0.265670	0.271092	0.268195	0.264594	0.273644	0.263859	0.254898	0.264759	0.266212	0.269328	0.273612	0.274581	0.267039	0.282734	0.263869	0.265413	0.271939	0.262218	0.256701	0.259333	0.268214	0.267459	0.262712	0.264563	0.256124	0.256988	0.268412	0.266067	0.260768	0.276987	0.257174	0.253401	0.261724	0.269507	0.264722	0.273284	0.278748	0.265479	0.264812	0.266834	0.260086	0.264457	0.255852	0.266402	0.266703	0.269507	0.267954	0.272531	0.270241	0.275104	0.263101	0.271336	0.265214	0.273267	0.270607	0.268726	0.265225	0.260541	0.255227	0.264114	0.258860	0.263687	0.251753	0.273970	0.273006	0.262012	0.267555	0.274460	0.262174	0.264813	
0.259553	0.259567	0.261728	0.253932	0.267501	0.255249	0.263576	0.257143	0.249548	0.254011	0.255893	0.260960	0.257890	0.252015	0.259813	0.260559	0.265008	0.270270	0.262124	0.266122	0.250766	0.261638	0.265513	0.263072	0.264600	0.259921	0.260885	0.264351	0.263589	0.254994	0.258018	0.260995	0.261785	0.253475	0.266535	0.274037	0.000000	0.265052	0.255776	0.263016	0.265850	0.249550	0.250993	0.259794	0.261716	0.260846	0.250638	0.268751	0.263988	0.263546	0.256387	0.256664	0.262448	0.261112	0.265789	0.265980	0.266510	0.259679	0.262390	0.256016	0.266763	0.258257	0.252609	0.260783	0.266343	0.254619	0.252121	0.260964	0.258879	0.261191	0.257225	0.264854	0.264188	0.260909	0.261238	0.260672	0.250587	0.257827	0.258739	0.268025	0.265754	0.258332	0.264195	0.265544	0.259913	0.264648	0.252884	0.262218	0.264023	0.260838	0.259881	0.263262	0.258192	0.270022	0.264335	0.264229	0.261669	0.260713	0.263120	0.261002	0.261677	0.264971	0.253338	0.252834	0.255538	0.250674	0.254680	0.267950	0.268372	0.255626	0.256350	0.266235	0.260612	0.265411	
0.263196	0.258508	0.269971	0.257550	0.266557	0.261037	0.272481	0.252372	0.253761	0.254737	0.259293	0.259091	0.252397	0.265392	0.260477	0.258289	0.262929	0.270280	0.259447	0.263081	0.268738	0.267825	0.251200	0.258445	0.250136	0.262710	0.259968	0.259025	0.256348	0.256993	0.261475	0.258409	0.266101	0.265484	0.269078	0.267112	0.265052	0.000000	0.257148	0.269572	0.263186	0.259700	0.254664	0.254976	0.264557	0.266618	0.266216	0.257433	0.261638	0.263053	0.260964	0.260116	0.263386	0.260823	0.266498	0.260547	0.268319	0.274697	0.262882	0.277032	0.257614	0.264387	0.256632	0.267318	0.264270	0.260965	0.260626	0.269384	0.255423	0.254075	0.261452	0.265811	0.258419	0.271346	0.266618	0.252641	0.255974	0.276995	0.264738	0.260029	0.265752	0.260069	0.255396	0.260291	0.268848	0.268813	0.265089	0.261349	0.263650	0.267461	0.263386	0.262805	0.264754	0.259266	0.265147	0.260163	0.264185	0.267570	0.257298	0.263746	0.269391	0.266413	0.257510	0.261552	0.268293	0.263461	0.262901	0.264669	0.265041	0.260603	0.265450	0.273335	0.265008	0.265516	
