0.000000	0.342849	0.339745	0.353249	0.349366	0.332738	0.343051	0.330667	0.342478	0.332194	0.330399	0.339779	0.342958	0.333931	0.334214	0.332825	0.344797	0.335685	0.353824	0.345073	0.352009	0.341384	0.345345	0.345347	0.341363	0.359518	0.341735	0.342237	0.336775	0.359238	0.344696	0.344605	0.345151	0.342967	0.348618	0.334705	0.356535	0.346879	0.338439	0.347915	0.336176	0.318594	0.339600	0.323625	0.344238	0.340976	0.347528	0.342950	0.346731	0.344402	0.329906	0.333823	0.342522	0.346819	0.336471	0.338824	0.345193	0.349589	0.335885	0.341003	0.350442	0.338032	0.345161	0.348851	0.340388	0.344038	0.336078	0.351439	0.335196	0.347341	0.351988	0.346945	0.347877	0.347839	0.326561	0.338652	0.342756	0.333823	0.339800	0.342059	0.352786	0.342740	0.335103	0.350570	0.349281	0.322846	0.336567	0.346663	0.348111	0.334019	0.341571	0.343722	0.339982	0.339412	0.336268	0.342916	0.345081	0.339312	0.337559	0.338024	0.356281	0.340983	0.333333	0.342446	0.337834	0.333919	0.324237	0.356996	0.343612	0.357521	0.358734	0.351494	0.327859	0.351190	
0.342849	0.000000	0.338848	0.327793	0.332448	0.346508	0.350191	0.345368	0.333726	0.334265	0.331477	0.334049	0.338624	0.330349	0.341928	0.333942	0.353494	0.358191	0.343327	0.337474	0.341335	0.350103	0.334233	0.343851	0.335878	0.343420	0.334212	0.347903	0.332323	0.330600	0.331182	0.333725	0.345524	0.339900	0.343310	0.339107	0.343209	0.329606	0.351694	0.338317	0.342538	0.327384	0.334897	0.323339	0.338729	0.341349	0.346908	0.344899	0.355496	0.345374	0.334800	0.349648	0.350630	0.354716	0.336858	0.342051	0.349090	0.352389	0.331961	0.348556	0.338144	0.335094	0.346030	0.336867	0.352129	0.339074	0.351439	0.335582	0.336169	0.350748	0.354896	0.350646	0.347559	0.335683	0.331373	0.338448	0.339107	0.340769	0.340582	0.336174	0.361453	0.337933	0.335984	0.342198	0.331184	0.339107	0.344777	0.342832	0.342645	0.343695	0.334706	0.357332	0.348769	0.340575	0.332062	0.333627	0.351129	0.345465	0.362887	0.350220	0.352249	0.338629	0.342740	0.337830	0.342614	0.345040	0.332845	0.340956	0.345433	0.339396	0.346909	0.350117	0.353148	0.339583	
0.339745	0.338848	0.000000	0.318182	0.340356	0.345384	0.336587	0.338397	0.346757	0.329276	0.333333	0.329114	0.349601	0.333533	0.324985	0.327518	0.329596	0.351256	0.339835	0.339578	0.336572	0.332939	0.342581	0.336695	0.350458	0.340231	0.331272	0.338443	0.332113	0.349160	0.334218	0.341507	0.341578	0.344685	0.337957	0.336187	0.349071	0.344970	0.334123	0.334808	0.347107	0.331079	0.338938	0.329297	0.335503	0.335891	0.340800	0.339243	0.339554	0.332053	0.336976	0.354763	0.334808	0.340501	0.332939	0.343584	0.353619	0.356067	0.340916	0.337182	0.351231	0.334906	0.344909	0.334911	0.332940	0.335721	0.336973	0.334415	0.346824	0.340614	0.340728	0.334711	0.344899	0.352437	0.341023	0.350757	0.329391	0.333825	0.336879	0.344267	0.341981	0.333530	0.343111	0.344108	0.345428	0.339929	0.331267	0.339243	0.350358	0.353202	0.333432	0.331265	0.345916	0.345336	0.339038	0.328912	0.335889	0.345438	0.337278	0.332253	0.348803	0.333333	0.333925	0.338843	0.332350	0.343732	0.336575	0.348570	0.346018	0.327729	0.347570	0.357879	0.330880	0.345694	
0.353249	0.327793	0.318182	0.000000	0.336524	0.330638	0.337746	0.341698	0.334362	0.347982	0.335583	0.320664	0.334257	0.329595	0.328020	0.328676	0.344499	0.331694	0.343481	0.341577	0.344986	0.335694	0.346407	0.330862	0.340707	0.343375	0.327106	0.333436	0.344882	0.352454	0.343164	0.328207	0.341807	0.340012	0.339478	0.323810	0.325960	0.325431	0.339082	0.346839	0.353430	0.330272	0.339269	0.322472	0.317314	0.332821	0.348881	0.354263	0.329994	0.332412	0.331899	0.343261	0.345516	0.339154	0.346237	0.347171	0.344605	0.364641	0.338462	0.338884	0.333642	0.345421	0.343242	0.325424	0.329748	0.330955	0.324731	0.347158	0.330058	0.339072	0.346260	0.337838	0.341187	0.336920	0.344010	0.334260	0.330871	0.338249	0.332924	0.345527	0.348866	0.333743	0.333745	0.329969	0.346425	0.328106	0.330157	0.330464	0.349502	0.328523	0.326254	0.342769	0.332106	0.343788	0.328015	0.330979	0.331593	0.340301	0.337442	0.338235	0.363943	0.337742	0.328404	0.337423	0.347039	0.343032	0.328834	0.330878	0.344182	0.318489	0.349785	0.349969	0.326793	0.354076	
0.349366	0.332448	0.340356	0.336524	0.000000	0.339104	0.348878	0.340369	0.333925	0.331462	0.338140	0.350785	0.338452	0.339922	0.335786	0.328445	0.340795	0.337069	0.340607	0.327192	0.341966	0.338948	0.347277	0.335900	0.333628	0.353479	0.333235	0.342849	0.335869	0.347071	0.343051	0.339623	0.345091	0.342899	0.334710	0.326946	0.346097	0.340916	0.337178	0.346867	0.349558	0.338032	0.347570	0.321829	0.336092	0.343741	0.351747	0.337566	0.345170	0.345701	0.339723	0.335298	0.339712	0.339900	0.333039	0.347005	0.338838	0.352594	0.337172	0.343787	0.339354	0.345214	0.339412	0.330186	0.342478	0.341987	0.337360	0.349234	0.334120	0.338543	0.353028	0.344634	0.341850	0.345122	0.337072	0.333926	0.327724	0.339323	0.352212	0.339138	0.351073	0.334119	0.333333	0.352389	0.333824	0.337949	0.333235	0.337854	0.346257	0.344431	0.346131	0.345428	0.336864	0.335003	0.332843	0.334707	0.335199	0.337559	0.344858	0.335685	0.336873	0.328517	0.328800	0.335396	0.342361	0.342631	0.332352	0.354412	0.351089	0.340206	0.340382	0.346369	0.331961	0.348268	
0.332738	0.346508	0.345384	0.330638	0.339104	0.000000	0.337597	0.333732	0.328767	0.342337	0.343213	0.334989	0.337403	0.345597	0.336889	0.322779	0.338777	0.344817	0.337092	0.335825	0.344296	0.332639	0.339903	0.342576	0.351841	0.351665	0.335704	0.340249	0.335784	0.348444	0.344009	0.332937	0.337278	0.351681	0.348175	0.324822	0.335212	0.341369	0.329363	0.333037	0.355232	0.334516	0.337289	0.328779	0.332936	0.337389	0.342548	0.341753	0.342918	0.345411	0.333729	0.347272	0.340154	0.344194	0.334224	0.338882	0.339471	0.361235	0.353553	0.344756	0.348643	0.340552	0.343806	0.327781	0.335907	0.343234	0.344316	0.354389	0.334026	0.345309	0.338882	0.354896	0.351064	0.346599	0.336010	0.335124	0.351175	0.325913	0.342348	0.334918	0.347259	0.325312	0.333333	0.345643	0.326113	0.330065	0.329475	0.323827	0.350240	0.326906	0.332639	0.347012	0.328690	0.343824	0.339164	0.331851	0.338576	0.337585	0.340774	0.331754	0.332144	0.342254	0.333433	0.336499	0.343509	0.335207	0.335310	0.346085	0.337289	0.339662	0.341434	0.346951	0.343009	0.335837	
0.343051	0.350191	0.336587	0.337746	0.348878	0.337597	0.000000	0.339745	0.337655	0.337166	0.342807	0.345717	0.346753	0.343079	0.342028	0.342979	0.351732	0.354583	0.359012	0.355240	0.338214	0.343833	0.357828	0.345336	0.352423	0.351748	0.346717	0.359448	0.360875	0.350132	0.338032	0.342639	0.342406	0.349735	0.350176	0.329028	0.344392	0.348543	0.345112	0.359155	0.344797	0.329918	0.350851	0.330103	0.350029	0.348694	0.361202	0.355399	0.341632	0.342723	0.339695	0.345849	0.349472	0.335287	0.334116	0.351367	0.340482	0.360516	0.345294	0.366608	0.347185	0.349192	0.350923	0.351001	0.350382	0.352644	0.346549	0.371328	0.344402	0.354981	0.353928	0.343025	0.354301	0.353702	0.353547	0.355372	0.337353	0.344595	0.341463	0.348427	0.357080	0.335389	0.340407	0.368206	0.358463	0.347328	0.339894	0.361046	0.342340	0.351335	0.342454	0.341370	0.345161	0.360834	0.343310	0.342916	0.358275	0.350073	0.355523	0.352286	0.354706	0.346957	0.345214	0.333235	0.339102	0.345040	0.344767	0.342036	0.347124	0.343117	0.340856	0.351201	0.343970	0.362013	
0.330667	0.345368	0.338397	0.341698	0.340369	0.333732	0.339745	0.000000	0.337389	0.331144	0.348275	0.337457	0.346576	0.337838	0.332251	0.324440	0.351375	0.340533	0.334913	0.355291	0.336283	0.349540	0.341294	0.327294	0.334910	0.341521	0.341694	0.351950	0.337206	0.349867	0.359444	0.347247	0.341880	0.349348	0.356805	0.336291	0.336979	0.331752	0.340848	0.343768	0.347839	0.323313	0.333629	0.343204	0.319193	0.341413	0.345820	0.340438	0.345597	0.337275	0.342798	0.337271	0.348789	0.345723	0.331363	0.340539	0.349896	0.348507	0.341326	0.342136	0.334819	0.344868	0.332349	0.340148	0.353655	0.342908	0.340432	0.356509	0.332841	0.334320	0.351704	0.352454	0.335984	0.343491	0.338471	0.332442	0.339846	0.357481	0.346746	0.341528	0.352125	0.336590	0.327009	0.339512	0.333924	0.349291	0.349216	0.338366	0.326451	0.343178	0.337778	0.332642	0.342680	0.334615	0.334023	0.329492	0.345449	0.341023	0.340255	0.337168	0.356233	0.333037	0.331751	0.345643	0.328808	0.344828	0.330971	0.348494	0.348700	0.334122	0.341399	0.343363	0.341298	0.350614	
0.342478	0.333726	0.346757	0.334362	0.333925	0.328767	0.337655	0.337389	0.000000	0.336025	0.338719	0.341231	0.342866	0.324970	0.330790	0.333232	0.350397	0.334118	0.339612	0.335803	0.332257	0.335790	0.342840	0.336092	0.342252	0.354154	0.344392	0.342731	0.331102	0.338425	0.337353	0.331075	0.340082	0.333923	0.346086	0.338529	0.328529	0.334710	0.340319	0.341564	0.342857	0.334506	0.337643	0.321060	0.336085	0.340882	0.332142	0.340106	0.331731	0.336275	0.329509	0.324420	0.336567	0.341349	0.330783	0.342260	0.338041	0.344797	0.336963	0.336385	0.344960	0.346369	0.330887	0.335497	0.339900	0.339488	0.334707	0.342840	0.325684	0.348735	0.333235	0.355399	0.354527	0.347749	0.332450	0.330967	0.334904	0.346380	0.342857	0.337655	0.351939	0.326657	0.327332	0.349048	0.332256	0.341772	0.324698	0.340695	0.351488	0.338923	0.328222	0.345712	0.329121	0.350206	0.336861	0.326867	0.336567	0.340100	0.339238	0.351629	0.346097	0.343851	0.333628	0.339800	0.340094	0.346424	0.334999	0.351455	0.350485	0.327059	0.333235	0.347609	0.337933	0.347437	
0.332194	0.334265	0.329276	0.347982	0.331462	0.342337	0.337166	0.331144	0.336025	0.000000	0.334056	0.343811	0.347123	0.342064	0.340248	0.341894	0.355259	0.334161	0.339230	0.340106	0.343750	0.340280	0.335649	0.337484	0.353999	0.340888	0.338390	0.341494	0.324792	0.343663	0.333230	0.330953	0.337972	0.332090	0.337574	0.329715	0.337256	0.326917	0.335406	0.336845	0.334161	0.332715	0.334469	0.317111	0.342670	0.328890	0.345912	0.332196	0.332279	0.334989	0.327549	0.342113	0.342618	0.344475	0.336020	0.333955	0.355769	0.345618	0.322771	0.347434	0.357187	0.350186	0.330446	0.344731	0.343672	0.347649	0.336022	0.339640	0.335504	0.349969	0.344603	0.351955	0.350709	0.348029	0.343905	0.324602	0.333851	0.336747	0.342529	0.351955	0.343140	0.337364	0.340605	0.343104	0.343769	0.334679	0.332195	0.336025	0.347580	0.337775	0.336747	0.338815	0.342724	0.338089	0.325077	0.335916	0.335502	0.333953	0.342768	0.344892	0.345545	0.337267	0.324518	0.334780	0.335606	0.339308	0.321462	0.346035	0.342946	0.341698	0.344166	0.333436	0.335500	0.349137	
0.330399	0.331477	0.333333	0.335583	0.338140	0.343213	0.342807	0.348275	0.338719	0.334056	0.000000	0.329969	0.352303	0.346921	0.338978	0.340316	0.350205	0.347864	0.340756	0.343943	0.351533	0.344089	0.346994	0.346855	0.356265	0.339977	0.347052	0.349415	0.319528	0.349021	0.338502	0.335482	0.340041	0.346256	0.354508	0.339092	0.337917	0.329519	0.346651	0.349605	0.351803	0.337609	0.340843	0.322590	0.337346	0.338601	0.331554	0.345940	0.342097	0.343777	0.337822	0.325928	0.342790	0.342674	0.353837	0.345444	0.352253	0.351754	0.337925	0.352630	0.351765	0.327384	0.340140	0.327951	0.346999	0.360379	0.349239	0.336944	0.341335	0.342406	0.348183	0.336651	0.337219	0.337822	0.349369	0.343640	0.337632	0.337628	0.340949	0.339097	0.342198	0.343485	0.343420	0.355562	0.349313	0.332163	0.336750	0.339777	0.341232	0.349810	0.334213	0.334896	0.341029	0.356557	0.338111	0.337427	0.344253	0.351478	0.338032	0.346963	0.345444	0.338799	0.348987	0.334406	0.342882	0.341115	0.334210	0.344535	0.349810	0.344162	0.355328	0.344425	0.340730	0.352313	
0.339779	0.334049	0.329114	0.320664	0.350785	0.334989	0.345717	0.337457	0.341231	0.343811	0.329969	0.000000	0.337124	0.320385	0.333129	0.324889	0.347626	0.334867	0.333947	0.336106	0.329153	0.331083	0.333959	0.330151	0.341807	0.338344	0.332926	0.331803	0.318225	0.335782	0.337920	0.345399	0.337103	0.337742	0.336500	0.315967	0.334763	0.333231	0.332001	0.340067	0.347252	0.310534	0.318126	0.325460	0.322174	0.341613	0.320000	0.331286	0.335621	0.338848	0.330267	0.341912	0.336497	0.350352	0.332720	0.345304	0.333129	0.347626	0.330365	0.348201	0.328308	0.332925	0.336491	0.332412	0.331800	0.343025	0.324034	0.345482	0.332005	0.334151	0.342234	0.349158	0.331401	0.331597	0.333333	0.333744	0.337734	0.343137	0.329957	0.332107	0.347494	0.327200	0.329846	0.329774	0.323944	0.329549	0.340276	0.340791	0.335918	0.316901	0.331390	0.342331	0.330171	0.334355	0.338231	0.330988	0.323944	0.339669	0.344287	0.353409	0.342428	0.327200	0.324424	0.336397	0.317514	0.335675	0.327723	0.341493	0.342516	0.348745	0.330275	0.354287	0.332824	0.332091	
0.342958	0.338624	0.349601	0.334257	0.338452	0.337403	0.346753	0.346576	0.342866	0.347123	0.352303	0.337124	0.000000	0.342593	0.335387	0.336175	0.341176	0.344118	0.336669	0.350400	0.344575	0.346686	0.347343	0.342688	0.338724	0.352162	0.341642	0.340962	0.338392	0.354252	0.345962	0.342059	0.340170	0.334316	0.347341	0.344310	0.354981	0.341384	0.343160	0.347724	0.333333	0.336750	0.342631	0.341664	0.342765	0.323348	0.344345	0.344026	0.351530	0.342840	0.325691	0.332452	0.339307	0.347023	0.338724	0.350898	0.340294	0.353702	0.342655	0.348172	0.351535	0.338132	0.345748	0.343253	0.345588	0.346508	0.349015	0.345091	0.344706	0.333431	0.343253	0.337548	0.345534	0.332451	0.341384	0.343778	0.342748	0.336174	0.345690	0.345792	0.351320	0.344209	0.341492	0.348742	0.340769	0.339312	0.333137	0.336176	0.351979	0.352630	0.339512	0.352647	0.337834	0.349015	0.333725	0.330006	0.354185	0.343621	0.353669	0.347992	0.349309	0.346188	0.343750	0.341263	0.344585	0.341342	0.342723	0.359366	0.350939	0.339013	0.349355	0.365582	0.352682	0.358356	
0.333931	0.330349	0.333533	0.329595	0.339922	0.345597	0.343079	0.337838	0.324970	0.342064	0.346921	0.320385	0.342593	0.000000	0.335513	0.329328	0.343266	0.334824	0.351625	0.338337	0.338192	0.342789	0.333130	0.333433	0.340185	0.335222	0.328678	0.354954	0.326274	0.337496	0.343657	0.336914	0.345617	0.345694	0.341282	0.326385	0.337600	0.323275	0.335625	0.343555	0.338305	0.328979	0.331051	0.332439	0.328158	0.342568	0.351025	0.337213	0.339107	0.348241	0.326178	0.330256	0.332341	0.351367	0.333731	0.349254	0.346841	0.344253	0.336616	0.340814	0.334629	0.332638	0.338288	0.333134	0.334327	0.329525	0.345352	0.344262	0.336415	0.354589	0.336918	0.331148	0.336005	0.329457	0.346360	0.335231	0.330349	0.334327	0.345650	0.341092	0.351070	0.332041	0.323767	0.348458	0.324405	0.329857	0.336513	0.330847	0.342367	0.338099	0.326366	0.334627	0.330854	0.348719	0.331349	0.324896	0.348616	0.342866	0.348879	0.343137	0.355993	0.330448	0.339910	0.338196	0.335912	0.331452	0.338690	0.336012	0.336112	0.344848	0.335612	0.345422	0.330163	0.330012	
0.334214	0.341928	0.324985	0.328020	0.335786	0.336889	0.342028	0.332251	0.330790	0.340248	0.338978	0.333129	0.335387	0.335513	0.000000	0.308136	0.336260	0.342506	0.335482	0.340018	0.340339	0.337731	0.333632	0.327652	0.343768	0.346413	0.318062	0.337135	0.339178	0.349693	0.348844	0.326985	0.344124	0.342631	0.344454	0.338403	0.336648	0.334897	0.336759	0.328759	0.339186	0.320700	0.332261	0.325915	0.326195	0.326220	0.344787	0.340856	0.336220	0.338214	0.320948	0.338008	0.335282	0.347636	0.330992	0.340949	0.340357	0.343567	0.346909	0.340675	0.339900	0.330992	0.337420	0.338028	0.349634	0.331557	0.329236	0.335576	0.341042	0.329432	0.350337	0.337719	0.344597	0.346885	0.345748	0.337846	0.342506	0.343576	0.342213	0.341342	0.338300	0.336848	0.329322	0.340518	0.339468	0.342790	0.325234	0.335482	0.342214	0.340643	0.331574	0.345252	0.340836	0.349137	0.336648	0.337427	0.337719	0.329044	0.350851	0.348219	0.343787	0.326501	0.328542	0.336941	0.345120	0.339557	0.328367	0.344928	0.342398	0.342598	0.339755	0.342865	0.338686	0.336792	
0.332825	0.333942	0.327518	0.328676	0.328445	0.322779	0.342979	0.324440	0.333232	0.341894	0.340316	0.324889	0.336175	0.329328	0.308136	0.000000	0.341745	0.339519	0.336477	0.317708	0.342640	0.328963	0.350512	0.331808	0.339009	0.351187	0.320388	0.331309	0.324883	0.327262	0.334851	0.320462	0.338387	0.312214	0.346306	0.325129	0.338401	0.324193	0.337908	0.329283	0.331710	0.332222	0.340316	0.333536	0.328959	0.330498	0.326876	0.335769	0.321462	0.323905	0.328971	0.328979	0.329287	0.338891	0.330192	0.334653	0.337895	0.343968	0.340951	0.331707	0.343293	0.333942	0.324742	0.330999	0.334954	0.330061	0.328163	0.334447	0.329687	0.334854	0.330189	0.335664	0.334242	0.336068	0.344187	0.325581	0.328763	0.329383	0.327549	0.336073	0.343542	0.332016	0.325298	0.337065	0.320377	0.336676	0.313678	0.330192	0.345550	0.336980	0.343379	0.339220	0.334649	0.333942	0.317947	0.335662	0.335156	0.338200	0.337294	0.341323	0.340432	0.332927	0.322964	0.339921	0.332321	0.329091	0.318858	0.336571	0.334549	0.329888	0.339605	0.343845	0.336165	0.351293	
0.344797	0.353494	0.329596	0.344499	0.340795	0.338777	0.351732	0.351375	0.350397	0.355259	0.350205	0.347626	0.341176	0.343266	0.336260	0.341745	0.000000	0.339390	0.353200	0.354905	0.343284	0.356241	0.349611	0.354829	0.356787	0.351629	0.354697	0.358043	0.354672	0.351288	0.343008	0.343411	0.343951	0.338140	0.347226	0.346210	0.351304	0.349206	0.364011	0.357457	0.361502	0.341513	0.342414	0.341356	0.348338	0.341042	0.349466	0.350352	0.349102	0.359719	0.344383	0.342999	0.344565	0.350292	0.353269	0.354754	0.342036	0.345636	0.353891	0.344127	0.348351	0.340663	0.342799	0.346278	0.346244	0.341449	0.350543	0.358170	0.336169	0.335289	0.347826	0.347495	0.350175	0.346921	0.343713	0.352698	0.344595	0.351716	0.344969	0.346052	0.353630	0.340376	0.341183	0.345301	0.345534	0.349062	0.333333	0.338326	0.348071	0.333920	0.356261	0.346538	0.342020	0.344383	0.336947	0.347890	0.347190	0.353959	0.353149	0.352047	0.343025	0.348899	0.356366	0.345838	0.358021	0.337325	0.345534	0.361266	0.357352	0.341056	0.340457	0.344646	0.346885	0.346302	
0.335685	0.358191	0.351256	0.331694	0.337069	0.344817	0.354583	0.340533	0.334118	0.334161	0.347864	0.334867	0.344118	0.334824	0.342506	0.339519	0.339390	0.000000	0.335389	0.343676	0.336944	0.344797	0.344910	0.340996	0.346334	0.358297	0.328747	0.350425	0.339600	0.348667	0.343787	0.339988	0.344061	0.351868	0.334507	0.350543	0.354924	0.337349	0.347455	0.347011	0.352129	0.333723	0.329912	0.334703	0.338434	0.353666	0.349762	0.338032	0.346511	0.336073	0.330009	0.337339	0.351890	0.338601	0.331474	0.336858	0.339689	0.351700	0.340969	0.351001	0.340896	0.348783	0.337430	0.327546	0.348796	0.354915	0.344777	0.346729	0.339301	0.344474	0.363102	0.341256	0.351841	0.345556	0.345476	0.335790	0.352924	0.344484	0.346639	0.341951	0.347190	0.345273	0.339812	0.353765	0.339584	0.323849	0.327171	0.350264	0.350356	0.348871	0.332549	0.341363	0.341535	0.338809	0.345545	0.335580	0.333431	0.334996	0.345599	0.342698	0.361983	0.340088	0.338335	0.359531	0.341535	0.346289	0.330794	0.359485	0.346717	0.336462	0.349824	0.344828	0.333723	0.342348	
0.353824	0.343327	0.339835	0.343481	0.340607	0.337092	0.359012	0.334913	0.339612	0.339230	0.340756	0.333947	0.336669	0.351625	0.335482	0.336477	0.353200	0.335389	0.000000	0.330278	0.345838	0.342159	0.332534	0.325959	0.353494	0.349794	0.335970	0.353458	0.347483	0.351304	0.340962	0.344108	0.334211	0.343640	0.342237	0.346538	0.347226	0.334804	0.344035	0.347507	0.341557	0.334797	0.333920	0.345759	0.339812	0.342824	0.342951	0.353529	0.353717	0.330790	0.332648	0.345748	0.337929	0.338020	0.334313	0.339900	0.337834	0.348796	0.343529	0.332940	0.339428	0.355927	0.336555	0.334804	0.342438	0.341051	0.349062	0.329519	0.346831	0.341943	0.352457	0.348885	0.351944	0.336858	0.354308	0.339923	0.344118	0.342924	0.343227	0.341858	0.340949	0.339595	0.336771	0.332554	0.333529	0.340282	0.340969	0.333725	0.339376	0.344676	0.330000	0.339013	0.348285	0.337148	0.331182	0.338416	0.346143	0.341456	0.352768	0.347877	0.347047	0.343327	0.333333	0.340076	0.339390	0.342398	0.339977	0.346424	0.331672	0.347418	0.356076	0.356557	0.341635	0.348498	
0.345073	0.337474	0.339578	0.341577	0.327192	0.335825	0.355240	0.355291	0.335803	0.340106	0.343943	0.336106	0.350400	0.338337	0.340018	0.317708	0.354905	0.343676	0.330278	0.000000	0.338149	0.343981	0.344193	0.343129	0.348597	0.347235	0.335788	0.351224	0.341166	0.350044	0.339539	0.334320	0.335199	0.336792	0.351950	0.342097	0.336774	0.339947	0.342527	0.345235	0.356699	0.326170	0.341996	0.337374	0.339058	0.345745	0.355350	0.348713	0.344880	0.347222	0.344369	0.349174	0.328512	0.341291	0.339935	0.346438	0.349277	0.355477	0.346336	0.342527	0.334125	0.354001	0.352681	0.330175	0.347916	0.336521	0.342393	0.355096	0.337766	0.342975	0.344583	0.341406	0.349912	0.338943	0.348135	0.336105	0.336391	0.341802	0.347222	0.353237	0.342967	0.341608	0.349733	0.352837	0.336581	0.343778	0.340231	0.344868	0.363609	0.346619	0.350888	0.339539	0.351726	0.337075	0.345530	0.329596	0.331466	0.343178	0.340053	0.342268	0.346233	0.340438	0.328694	0.346415	0.337659	0.341973	0.346211	0.351814	0.349469	0.334417	0.345326	0.355713	0.346403	0.343404	
0.352009	0.341335	0.336572	0.344986	0.341966	0.344296	0.338214	0.336283	0.332257	0.343750	0.351533	0.329153	0.344575	0.338192	0.340339	0.342640	0.343284	0.336944	0.345838	0.338149	0.000000	0.349560	0.339115	0.340882	0.346401	0.354820	0.343650	0.352339	0.328896	0.343366	0.334699	0.342506	0.347141	0.341063	0.350703	0.326698	0.333431	0.341742	0.347328	0.348728	0.336262	0.327601	0.330798	0.334603	0.328052	0.331773	0.349926	0.340363	0.361219	0.344363	0.323676	0.340351	0.333821	0.342966	0.338115	0.345343	0.343284	0.356036	0.341342	0.344686	0.344108	0.343960	0.341706	0.339595	0.347966	0.336689	0.348844	0.349415	0.337822	0.352356	0.351803	0.336454	0.338968	0.337624	0.346921	0.345792	0.330012	0.342598	0.346999	0.342414	0.345895	0.333724	0.343025	0.354792	0.334015	0.348463	0.342113	0.344858	0.354648	0.340843	0.331283	0.347304	0.345120	0.345433	0.338111	0.343467	0.334601	0.341235	0.338714	0.343358	0.357268	0.342128	0.335584	0.348157	0.336159	0.348498	0.339082	0.348436	0.330897	0.334114	0.347547	0.352203	0.336544	0.351231	
0.341384	0.350103	0.332939	0.335694	0.338948	0.332639	0.343833	0.349540	0.335790	0.340280	0.344089	0.331083	0.346686	0.342789	0.337731	0.328963	0.356241	0.344797	0.342159	0.343981	0.349560	0.000000	0.350946	0.339138	0.340482	0.353633	0.341342	0.338127	0.339915	0.346436	0.337056	0.343143	0.342414	0.336578	0.340876	0.337250	0.349090	0.342369	0.350531	0.343310	0.351176	0.339678	0.335486	0.332353	0.340795	0.348222	0.343648	0.337941	0.345727	0.333921	0.341463	0.337739	0.347724	0.331184	0.329118	0.345882	0.345781	0.349398	0.333530	0.343750	0.339923	0.348120	0.341835	0.345916	0.335784	0.345719	0.338036	0.347928	0.337941	0.346957	0.347557	0.347634	0.336651	0.341270	0.340394	0.338948	0.339806	0.348810	0.345102	0.340688	0.338516	0.340394	0.339128	0.346401	0.344585	0.353010	0.340288	0.337158	0.357037	0.349104	0.335981	0.333431	0.348592	0.356514	0.339888	0.342530	0.336075	0.341170	0.332252	0.355510	0.356176	0.336473	0.338339	0.342832	0.338615	0.331772	0.339401	0.347622	0.335387	0.353512	0.338028	0.347788	0.343200	0.346429	
0.345345	0.334233	0.342581	0.346407	0.347277	0.339903	0.357828	0.341294	0.342840	0.335649	0.346994	0.333959	0.347343	0.333130	0.333632	0.350512	0.349611	0.344910	0.332534	0.344193	0.339115	0.350946	0.000000	0.352676	0.359689	0.328738	0.334827	0.351092	0.351393	0.335725	0.345716	0.344031	0.347073	0.335435	0.349011	0.336628	0.350105	0.325428	0.351969	0.351287	0.351319	0.338209	0.337223	0.338125	0.348453	0.348907	0.358313	0.349910	0.347507	0.344125	0.338425	0.339916	0.341113	0.355456	0.321450	0.360636	0.353911	0.355389	0.354317	0.341939	0.348166	0.349715	0.338714	0.344952	0.349520	0.351818	0.362493	0.345716	0.338927	0.348698	0.368026	0.342019	0.344972	0.328743	0.347930	0.346258	0.347031	0.338826	0.345324	0.355022	0.351359	0.318849	0.337444	0.344262	0.351780	0.334831	0.339730	0.349025	0.354350	0.357677	0.334334	0.345416	0.343190	0.345013	0.329940	0.331738	0.345406	0.345096	0.343853	0.358209	0.345727	0.344528	0.340144	0.337425	0.339013	0.349925	0.327751	0.338416	0.355669	0.336228	0.355051	0.352449	0.339008	0.344848	
0.345347	0.343851	0.336695	0.330862	0.335900	0.342576	0.345336	0.327294	0.336092	0.337484	0.346855	0.330151	0.342688	0.333433	0.327652	0.331808	0.354829	0.340996	0.325959	0.343129	0.340882	0.339138	0.352676	0.000000	0.355922	0.337854	0.334607	0.338634	0.331200	0.352249	0.348556	0.328415	0.342237	0.334023	0.344035	0.328816	0.333726	0.341996	0.334418	0.343336	0.334415	0.322959	0.339412	0.331366	0.339048	0.335197	0.335324	0.333825	0.342556	0.337165	0.326362	0.334706	0.338036	0.348427	0.336675	0.339823	0.347378	0.340501	0.344248	0.341017	0.338366	0.334218	0.333235	0.331756	0.336966	0.333631	0.335790	0.349440	0.331958	0.346482	0.340513	0.355228	0.341056	0.330386	0.352802	0.330965	0.341593	0.349043	0.342276	0.343851	0.354014	0.335396	0.336487	0.328152	0.340595	0.346392	0.338248	0.319080	0.338801	0.331176	0.336581	0.336283	0.343824	0.345214	0.336473	0.335984	0.335885	0.345599	0.354505	0.334705	0.341989	0.331956	0.332742	0.336570	0.340588	0.338032	0.342067	0.339023	0.349029	0.345417	0.344310	0.355275	0.323927	0.351835	
0.341363	0.335878	0.350458	0.340707	0.333628	0.351841	0.352423	0.334910	0.342252	0.353999	0.356265	0.341807	0.338724	0.340185	0.343768	0.339009	0.356787	0.346334	0.353494	0.348597	0.346401	0.340482	0.359689	0.355922	0.000000	0.367664	0.346885	0.344555	0.336769	0.350995	0.352976	0.337636	0.335574	0.348926	0.367850	0.347992	0.354130	0.331081	0.347941	0.353734	0.352613	0.331580	0.362438	0.336073	0.342647	0.348387	0.349272	0.341850	0.352888	0.346909	0.347405	0.341435	0.347100	0.348042	0.347903	0.340475	0.332161	0.355028	0.342631	0.343042	0.344614	0.346921	0.352838	0.346753	0.357290	0.341941	0.344858	0.350029	0.347903	0.347890	0.350470	0.339291	0.352220	0.352303	0.336073	0.339428	0.344484	0.347304	0.342136	0.340869	0.347381	0.335191	0.344118	0.350160	0.344757	0.342229	0.344474	0.347405	0.351143	0.346424	0.336663	0.347520	0.336066	0.362570	0.332455	0.330990	0.352286	0.340369	0.350000	0.353698	0.356136	0.344595	0.345679	0.352579	0.343777	0.356621	0.329818	0.344949	0.357247	0.346424	0.349722	0.346784	0.347076	0.341753	
0.359518	0.343420	0.340231	0.343375	0.353479	0.351665	0.351748	0.341521	0.354154	0.340888	0.339977	0.338344	0.352162	0.335222	0.346413	0.351187	0.351629	0.358297	0.349794	0.347235	0.354820	0.353633	0.328738	0.337854	0.367664	0.000000	0.334798	0.348285	0.353566	0.337138	0.328831	0.347724	0.354404	0.341478	0.356619	0.340475	0.355927	0.348146	0.355314	0.351597	0.351455	0.334016	0.343695	0.335292	0.340200	0.347622	0.362853	0.353616	0.345220	0.349383	0.347226	0.356494	0.352786	0.353441	0.338814	0.356828	0.356808	0.356221	0.349603	0.354154	0.340701	0.354081	0.354612	0.335689	0.348707	0.350757	0.352993	0.356136	0.342337	0.359260	0.355967	0.350161	0.347368	0.338032	0.342446	0.348981	0.345770	0.346436	0.354583	0.355464	0.350322	0.354772	0.343235	0.353491	0.353476	0.357604	0.349765	0.345962	0.345617	0.343603	0.350588	0.342438	0.349751	0.358485	0.350543	0.340862	0.334311	0.348005	0.353547	0.357143	0.356156	0.349882	0.345599	0.337636	0.357562	0.346210	0.339097	0.346819	0.351803	0.357981	0.353355	0.349722	0.341235	0.350089	
0.341735	0.334212	0.331272	0.327106	0.333235	0.335704	0.346717	0.341694	0.344392	0.338390	0.347052	0.332926	0.341642	0.328678	0.318062	0.320388	0.354697	0.328747	0.335970	0.335788	0.343650	0.341342	0.334827	0.334607	0.346885	0.334798	0.000000	0.345996	0.336759	0.343741	0.328459	0.336555	0.343641	0.338322	0.333723	0.338111	0.342298	0.329522	0.339883	0.344243	0.346221	0.332362	0.336645	0.334602	0.338028	0.344939	0.340835	0.338313	0.335522	0.337822	0.328847	0.344051	0.337621	0.342865	0.327283	0.337237	0.344061	0.362281	0.335480	0.349281	0.335979	0.334211	0.321179	0.318075	0.333236	0.334122	0.335869	0.341528	0.331480	0.331383	0.351787	0.333138	0.341783	0.333041	0.330891	0.343437	0.347495	0.334016	0.331188	0.345050	0.328467	0.334895	0.334214	0.322073	0.336255	0.332943	0.329529	0.322212	0.361267	0.335673	0.331380	0.339092	0.337909	0.347381	0.330412	0.331288	0.335769	0.337624	0.338127	0.332750	0.355282	0.332455	0.320716	0.324269	0.339760	0.336735	0.326131	0.327878	0.333723	0.330018	0.336544	0.339265	0.328663	0.340741	
0.342237	0.347903	0.338443	0.333436	0.342849	0.340249	0.359448	0.351950	0.342731	0.341494	0.349415	0.331803	0.340962	0.354954	0.337135	0.331309	0.358043	0.350425	0.353458	0.351224	0.352339	0.338127	0.351092	0.338634	0.344555	0.348285	0.345996	0.000000	0.348971	0.358292	0.347381	0.350147	0.352512	0.340482	0.354045	0.344363	0.360948	0.348783	0.344200	0.348640	0.341349	0.329343	0.353216	0.324941	0.334703	0.349634	0.341145	0.349369	0.346683	0.344464	0.349062	0.360843	0.345141	0.343951	0.347775	0.360997	0.360176	0.355575	0.348578	0.354791	0.352751	0.353526	0.357393	0.345273	0.343200	0.360296	0.346897	0.358231	0.343787	0.349151	0.356996	0.347291	0.352495	0.343100	0.349560	0.348851	0.336851	0.361933	0.355614	0.353079	0.356725	0.338507	0.346855	0.346064	0.340550	0.347890	0.347979	0.344565	0.352889	0.356265	0.348005	0.346436	0.355952	0.357938	0.337039	0.335284	0.336845	0.347495	0.336270	0.348233	0.361478	0.345070	0.328634	0.351375	0.354593	0.346861	0.332846	0.361322	0.356934	0.339777	0.351257	0.366238	0.351738	0.343027	
0.336775	0.332323	0.332113	0.344882	0.335869	0.335784	0.360875	0.337206	0.331102	0.324792	0.319528	0.318225	0.338392	0.326274	0.339178	0.324883	0.354672	0.339600	0.347483	0.341166	0.328896	0.339915	0.351393	0.331200	0.336769	0.353566	0.336759	0.348971	0.000000	0.342918	0.333737	0.341626	0.337666	0.332118	0.349500	0.328987	0.345559	0.338293	0.333435	0.351196	0.340819	0.324977	0.332122	0.333737	0.330498	0.340909	0.347026	0.330601	0.338983	0.329494	0.330403	0.331517	0.338680	0.340387	0.340916	0.341937	0.328281	0.343437	0.341937	0.341241	0.345205	0.338280	0.348444	0.329690	0.346072	0.336494	0.338783	0.344242	0.340806	0.335859	0.340115	0.341316	0.344807	0.333637	0.336270	0.332927	0.334851	0.346970	0.342233	0.346481	0.344723	0.340509	0.338710	0.350422	0.328087	0.340109	0.334444	0.339605	0.343338	0.338177	0.339405	0.340413	0.330306	0.343428	0.333737	0.334949	0.335050	0.346166	0.328063	0.341095	0.349211	0.325645	0.330701	0.348379	0.336160	0.334642	0.330206	0.336966	0.341404	0.329194	0.344213	0.350060	0.337568	0.336299	
0.359238	0.330600	0.349160	0.352454	0.347071	0.348444	0.350132	0.349867	0.338425	0.343663	0.349021	0.335782	0.354252	0.337496	0.349693	0.327262	0.351288	0.348667	0.351304	0.350044	0.343366	0.346436	0.335725	0.352249	0.350995	0.337138	0.343741	0.358292	0.342918	0.000000	0.339971	0.343494	0.349767	0.344888	0.355783	0.340843	0.349912	0.325704	0.348018	0.337036	0.351597	0.323607	0.339380	0.346311	0.334410	0.343576	0.358435	0.347011	0.351448	0.347584	0.338115	0.344344	0.344353	0.346569	0.338407	0.356285	0.352080	0.346401	0.345353	0.342639	0.350970	0.340064	0.345603	0.333236	0.347979	0.349423	0.352855	0.347190	0.343878	0.344262	0.366755	0.350497	0.352478	0.334212	0.346628	0.349823	0.345940	0.345141	0.346706	0.354026	0.348423	0.342891	0.329318	0.347902	0.340158	0.339286	0.340556	0.340270	0.346370	0.349912	0.348680	0.357352	0.349123	0.368267	0.343275	0.349225	0.341720	0.346109	0.344301	0.354264	0.350821	0.340176	0.352096	0.331285	0.342298	0.331777	0.353216	0.354094	0.342205	0.349239	0.351549	0.369235	0.335670	0.341832	
0.344696	0.331182	0.334218	0.343164	0.343051	0.344009	0.338032	0.359444	0.337353	0.333230	0.338502	0.337920	0.345962	0.343657	0.348844	0.334851	0.343008	0.343787	0.340962	0.339539	0.334699	0.337056	0.345716	0.348556	0.352976	0.328831	0.328459	0.347381	0.333737	0.339971	0.000000	0.340762	0.350877	0.331765	0.336753	0.327667	0.342121	0.336369	0.344706	0.330404	0.334800	0.343166	0.341049	0.333431	0.330688	0.338317	0.338968	0.337445	0.346683	0.337929	0.333138	0.344363	0.345151	0.340843	0.339102	0.346256	0.339296	0.354234	0.342824	0.341966	0.340300	0.339484	0.342590	0.329806	0.339589	0.338275	0.330402	0.341735	0.342715	0.331378	0.341356	0.340663	0.345109	0.348183	0.347928	0.342478	0.339207	0.343109	0.342530	0.324626	0.337039	0.345849	0.341478	0.346367	0.327576	0.341349	0.322581	0.357771	0.343027	0.351494	0.338326	0.344291	0.339286	0.344171	0.331380	0.336848	0.336457	0.341149	0.349015	0.349123	0.344190	0.335683	0.349118	0.346616	0.338016	0.341029	0.339286	0.345715	0.340849	0.332748	0.336063	0.343860	0.340351	0.352836	
0.344605	0.333725	0.341507	0.328207	0.339623	0.332937	0.342639	0.347247	0.331075	0.330953	0.335482	0.345399	0.342059	0.336914	0.326985	0.320462	0.343411	0.339988	0.344108	0.334320	0.342506	0.343143	0.344031	0.328415	0.337636	0.347724	0.336555	0.350147	0.341626	0.343494	0.340762	0.000000	0.347470	0.340200	0.343310	0.333920	0.343209	0.328723	0.349632	0.333040	0.349985	0.331287	0.330108	0.326183	0.332843	0.333040	0.337195	0.341564	0.341522	0.349971	0.325991	0.343796	0.350044	0.355783	0.339008	0.346459	0.333333	0.347023	0.335586	0.345122	0.345610	0.334605	0.345827	0.335689	0.348018	0.339079	0.336660	0.338416	0.331081	0.346052	0.332451	0.337342	0.350000	0.341163	0.353218	0.329398	0.335194	0.340575	0.343612	0.339894	0.356369	0.334313	0.326170	0.346480	0.342229	0.337933	0.332942	0.327556	0.345319	0.340962	0.339806	0.340282	0.347992	0.351629	0.337537	0.326100	0.331281	0.325704	0.343538	0.338507	0.359200	0.336960	0.340200	0.339301	0.344474	0.357519	0.338904	0.354045	0.348489	0.346143	0.360761	0.336454	0.331967	0.343546	
0.345151	0.345524	0.341578	0.341807	0.345091	0.337278	0.342406	0.341880	0.340082	0.337972	0.340041	0.337103	0.340170	0.345617	0.344124	0.338387	0.343951	0.344061	0.334211	0.335199	0.347141	0.342414	0.347073	0.342237	0.335574	0.354404	0.343641	0.352512	0.337666	0.349767	0.350877	0.347470	0.000000	0.339296	0.346008	0.339082	0.350088	0.335287	0.339490	0.339562	0.341035	0.330711	0.340339	0.329432	0.343686	0.338008	0.359384	0.343869	0.345270	0.349810	0.341513	0.330704	0.345301	0.336250	0.340743	0.345332	0.350292	0.357185	0.340849	0.352700	0.353977	0.343567	0.345783	0.347992	0.344545	0.333827	0.337715	0.347165	0.340158	0.344928	0.336164	0.346188	0.354688	0.340351	0.339777	0.345882	0.336454	0.349605	0.342013	0.342105	0.341698	0.350980	0.328542	0.354088	0.341121	0.333821	0.341035	0.338209	0.348521	0.338983	0.340170	0.337039	0.336446	0.356036	0.337131	0.342774	0.343549	0.340829	0.354545	0.359288	0.348844	0.346604	0.339296	0.330216	0.351430	0.344014	0.341121	0.346861	0.345210	0.338983	0.349577	0.351312	0.340723	0.343602	
0.342967	0.339900	0.344685	0.340012	0.342899	0.351681	0.349735	0.349348	0.333923	0.332090	0.346256	0.337742	0.334316	0.345694	0.342631	0.312214	0.338140	0.351868	0.343640	0.336792	0.341063	0.336578	0.335435	0.334023	0.348926	0.341478	0.338322	0.340482	0.332118	0.344888	0.331765	0.340200	0.339296	0.000000	0.345294	0.336179	0.338430	0.340607	0.337758	0.333431	0.350118	0.319261	0.335977	0.327835	0.331171	0.350764	0.344663	0.335100	0.345335	0.345497	0.324118	0.344007	0.339800	0.343117	0.342260	0.351105	0.336176	0.342438	0.337552	0.345540	0.344156	0.342840	0.349780	0.340902	0.345792	0.341071	0.339506	0.350986	0.334901	0.338629	0.341485	0.345396	0.337727	0.335296	0.331860	0.343297	0.337161	0.346471	0.337750	0.346686	0.355255	0.340400	0.332054	0.353044	0.347634	0.341772	0.337062	0.332548	0.355867	0.333725	0.339228	0.339912	0.335586	0.347071	0.324809	0.329709	0.343227	0.336174	0.349263	0.357793	0.343446	0.331173	0.337360	0.348325	0.332648	0.334994	0.333823	0.337639	0.340094	0.343722	0.350954	0.349663	0.332845	0.343452	
0.348618	0.343310	0.337957	0.339478	0.334710	0.348175	0.350176	0.356805	0.346086	0.337574	0.354508	0.336500	0.347341	0.341282	0.344454	0.346306	0.347226	0.334507	0.342237	0.351950	0.350703	0.340876	0.349011	0.344035	0.367850	0.356619	0.333723	0.354045	0.349500	0.355783	0.336753	0.343310	0.346008	0.345294	0.000000	0.343310	0.353355	0.347839	0.349132	0.338799	0.353390	0.327002	0.339296	0.333333	0.341076	0.341549	0.342043	0.354981	0.345302	0.342815	0.331087	0.341828	0.335092	0.346897	0.337342	0.364277	0.337243	0.343100	0.330396	0.346176	0.352681	0.346819	0.348844	0.344118	0.341249	0.356168	0.328835	0.346628	0.338322	0.347023	0.351542	0.346244	0.350759	0.344282	0.355947	0.352785	0.343805	0.331281	0.356619	0.357416	0.341142	0.346933	0.332647	0.344918	0.347304	0.334214	0.344575	0.342237	0.351841	0.352199	0.333627	0.350851	0.348858	0.350646	0.340956	0.353251	0.342614	0.338516	0.338434	0.338308	0.351542	0.341557	0.346765	0.340176	0.342707	0.335965	0.345050	0.339192	0.351114	0.331477	0.342598	0.346491	0.346109	0.346108	
0.334705	0.339107	0.336187	0.323810	0.326946	0.324822	0.329028	0.336291	0.338529	0.329715	0.339092	0.315967	0.344310	0.326385	0.338403	0.325129	0.346210	0.350543	0.346538	0.342097	0.326698	0.337250	0.336628	0.328816	0.347992	0.340475	0.338111	0.344363	0.328987	0.340843	0.327667	0.333920	0.339082	0.336179	0.343310	0.000000	0.334701	0.340776	0.339412	0.339385	0.341163	0.325153	0.330794	0.325609	0.328139	0.332552	0.352033	0.331571	0.331140	0.336854	0.321994	0.332162	0.351787	0.336941	0.336950	0.342924	0.334409	0.348858	0.329712	0.336374	0.345203	0.334506	0.330895	0.331077	0.335387	0.341348	0.332845	0.331965	0.326979	0.343594	0.344595	0.333822	0.329439	0.334996	0.335194	0.334611	0.332452	0.337438	0.339202	0.334116	0.349048	0.330496	0.323426	0.345985	0.325425	0.330695	0.323357	0.329125	0.327003	0.335677	0.336273	0.332845	0.338507	0.338416	0.334212	0.344858	0.334212	0.340663	0.332941	0.329825	0.344200	0.327850	0.330882	0.327278	0.320164	0.333041	0.321816	0.361559	0.342321	0.325513	0.336454	0.339965	0.326608	0.339174	
0.356535	0.343209	0.349071	0.325960	0.346097	0.335212	0.344392	0.336979	0.328529	0.337256	0.337917	0.334763	0.354981	0.337600	0.336648	0.338401	0.351304	0.354924	0.347226	0.336774	0.333431	0.349090	0.350105	0.333726	0.354130	0.355927	0.342298	0.360948	0.345559	0.349912	0.342121	0.343209	0.350088	0.338430	0.353355	0.334701	0.000000	0.339794	0.353529	0.351288	0.341742	0.331874	0.331283	0.327758	0.348325	0.335384	0.351440	0.366090	0.351376	0.341735	0.342422	0.352356	0.349239	0.337719	0.334604	0.343887	0.336460	0.344171	0.346538	0.349603	0.351280	0.345050	0.351359	0.342546	0.361478	0.329677	0.338904	0.345050	0.326884	0.363130	0.344979	0.367604	0.351619	0.341835	0.334116	0.348070	0.348694	0.342221	0.341835	0.346729	0.357122	0.332649	0.352941	0.347141	0.333529	0.346131	0.340762	0.343796	0.363690	0.335677	0.349281	0.343796	0.336651	0.359906	0.337042	0.343970	0.347393	0.349151	0.352249	0.354179	0.351819	0.345860	0.340876	0.337826	0.342406	0.334210	0.340749	0.333626	0.349532	0.343585	0.336941	0.357873	0.333821	0.356295	
0.346879	0.329606	0.344970	0.325431	0.340916	0.341369	0.348543	0.331752	0.334710	0.326917	0.329519	0.333231	0.341384	0.323275	0.334897	0.324193	0.349206	0.337349	0.334804	0.339947	0.341742	0.342369	0.325428	0.341996	0.331081	0.348146	0.329522	0.348783	0.338293	0.325704	0.336369	0.328723	0.335287	0.340607	0.347839	0.340776	0.339794	0.000000	0.350324	0.342043	0.330980	0.326208	0.322959	0.328727	0.334611	0.339700	0.350893	0.330291	0.346431	0.347545	0.345487	0.332942	0.331964	0.340762	0.333040	0.343143	0.345781	0.351058	0.343437	0.340701	0.336973	0.340188	0.332356	0.341291	0.344605	0.339679	0.348414	0.341076	0.336372	0.330491	0.344513	0.340682	0.333528	0.335097	0.344127	0.325355	0.333726	0.345973	0.349706	0.329021	0.342815	0.330984	0.323304	0.342105	0.334997	0.331765	0.329806	0.330394	0.348305	0.329025	0.329997	0.339217	0.336561	0.329025	0.339600	0.335192	0.344878	0.326477	0.334316	0.347405	0.352647	0.333235	0.335298	0.326477	0.344392	0.339479	0.330887	0.324531	0.336858	0.334900	0.343796	0.350337	0.340070	0.333929	
